       0.2 1.77726e-53
       0.6 1.22174e-50
         1 4.36694e-48
       1.4 9.51109e-46
       1.8 1.38826e-43
       2.2 1.44734e-41
       2.6 1.1283e-39
         3 6.80884e-38
       3.4 3.26815e-36
       3.8 1.27534e-34
       4.2 4.1201e-33
       4.6 1.11881e-31
         5 2.58716e-30
       5.4 5.15244e-29
       5.8 8.92527e-28
       6.2 1.35661e-26
       6.6 1.82353e-25
         7 2.18305e-24
       7.4 2.34252e-23
       7.8 2.26628e-22
       8.2 1.98737e-21
       8.6 1.58756e-20
         9 1.16053e-19
       9.4 7.79665e-19
       9.8 4.83299e-18
      10.2 2.77457e-17
      10.6 1.48036e-16
        11 7.36478e-16
      11.4 3.42705e-15
      11.8 1.49598e-14
      12.2 6.14296e-14
      12.6 2.37915e-13
        13 8.71252e-13
      13.4 3.02394e-12
      13.8 9.96987e-12
      14.2 3.12916e-11
      14.6 9.36861e-11
        15 2.6809e-10
      15.4  7.346e-10
      15.8 1.93089e-09
      16.2 4.87684e-09
      16.6 1.18548e-08
        17 2.77777e-08
      17.4 6.28329e-08
      17.8 1.37398e-07
      18.2 2.90845e-07
      18.6 5.96749e-07
        19 1.18825e-06
      19.4 2.29892e-06
      19.8 4.32642e-06
      20.2 7.92858e-06
      20.6 1.41636e-05
        21 2.46883e-05
      21.4 4.20306e-05
      21.8 6.99504e-05
      22.2 0.000113906
      22.6 0.000181633
        23 0.00028385
      23.4 0.000435069
      23.8 0.000654526
      24.2 0.00096717
      24.6 0.00140469
        25 0.00200653
      25.4 0.00282079
      25.8 0.00390498
      26.2  0.0053265
      26.6 0.00716279
        27 0.00950111
      27.4  0.0124378
      27.8   0.016077
      28.2   0.020529
      28.6   0.025908
        29  0.0323295
      29.4  0.0399068
      29.8  0.0487485
      30.2  0.0589543
      30.6   0.070612
        31  0.0837942
      31.4  0.0985551
      31.8   0.114928
      32.2   0.132925
      32.6   0.152532
        33    0.17371
      33.4   0.196399
      33.8   0.220512
      34.2    0.24594
      34.6   0.272555
        35   0.300211
      35.4   0.328748
      35.8   0.357994
      36.2    0.38777
      36.6   0.417894
        37   0.448181
      37.4   0.478451
      37.8   0.508529
      38.2   0.538249
      38.6   0.567456
        39   0.596007
      39.4   0.623776
      39.8   0.650649
      40.2   0.676532
      40.6   0.701345
        41   0.725025
      41.4   0.747524
      41.8   0.768812
      42.2   0.788871
      42.6   0.807696
        43   0.825295
      43.4   0.841685
      43.8   0.856895
      44.2    0.87096
      44.6   0.883921
        45   0.895824
      45.4   0.906722
      45.8   0.916667
      46.2   0.925716
      46.6   0.933924
        47   0.941349
      47.4   0.948047
      47.8   0.954072
      48.2   0.959478
      48.6   0.964316
        49   0.968635
      49.4   0.972482
      49.8     0.9759
      50.2    0.97893
      50.6    0.98161
        51   0.983976
      51.4    0.98606
      51.8   0.987891
      52.2   0.989499
      52.6   0.990906
        53   0.992136
      53.4    0.99321
      53.8   0.994145
      54.2   0.994958
      54.6   0.995663
        55   0.996275
      55.4   0.996804
      55.8   0.997262
      56.2   0.997657
      56.6   0.997997
        57   0.998289
      57.4   0.998541
      57.8   0.998756
      58.2   0.998941
      58.6     0.9991
        59   0.999235
      59.4   0.999351
      59.8   0.999449
      60.2   0.999533
      60.6   0.999605
        61   0.999666
      61.4   0.999718
      61.8   0.999762
      62.2   0.999799
      62.6    0.99983
        63   0.999857
      63.4    0.99988
      63.8   0.999899
      64.2   0.999915
      64.6   0.999928
        65    0.99994
      65.4   0.999949
      65.8   0.999958
      66.2   0.999964
      66.6    0.99997
        67   0.999975
      67.4   0.999979
      67.8   0.999983
      68.2   0.999985
      68.6   0.999988
        69    0.99999
      69.4   0.999991
      69.8   0.999993
      70.2   0.999994
      70.6   0.999995
        71   0.999996
      71.4   0.999997
      71.8   0.999997
      72.2   0.999998
      72.6   0.999998
        73   0.999998
      73.4   0.999999
      73.8   0.999999
      74.2   0.999999
      74.6   0.999999
        75   0.999999
      75.4   0.999999
      75.8          1
      76.2          1
      76.6          1
        77          1
      77.4          1
      77.8          1
      78.2          1
      78.6          1
        79          1
      79.4          1
      79.8          1
      80.2          1
      80.6          1
        81          1
      81.4          1
      81.8          1
      82.2          1
      82.6          1
        83          1
      83.4          1
      83.8          1
      84.2          1
      84.6          1
        85          1
      85.4          1
      85.8          1
      86.2          1
      86.6          1
        87          1
      87.4          1
      87.8    1.00001
      88.2    1.00001
      88.6    1.00001
        89    1.00001
      89.4    1.00001
      89.8    1.00001
      90.2    1.00002
      90.6    1.00002
        91    1.00002
      91.4    1.00003
      91.8    1.00003
      92.2    1.00003
      92.6    1.00004
        93    1.00005
      93.4    1.00005
      93.8    1.00006
      94.2    1.00007
      94.6    1.00008
        95     1.0001
      95.4    1.00011
      95.8    1.00013
      96.2    1.00014
      96.6    1.00017
        97    1.00019
      97.4    1.00022
      97.8    1.00025
      98.2    1.00028
      98.6    1.00032
        99    1.00037
      99.4    1.00042
      99.8    1.00048
     100.2    1.00054
     100.6    1.00061
       101     1.0007
     101.4    1.00079
     101.8    1.00089
     102.2      1.001
     102.6    1.00113
       103    1.00127
     103.4    1.00143
     103.8    1.00161
     104.2     1.0018
     104.6    1.00202
       105    1.00226
     105.4    1.00253
     105.8    1.00283
     106.2    1.00316
     106.6    1.00352
       107    1.00392
     107.4    1.00436
     107.8    1.00485
     108.2    1.00539
     108.6    1.00598
       109    1.00663
     109.4    1.00734
     109.8    1.00813
     110.2    1.00898
     110.6    1.00992
       111    1.01095
     111.4    1.01207
     111.8    1.01329
     112.2    1.01463
     112.6    1.01608
       113    1.01767
     113.4    1.01939
     113.8    1.02126
     114.2    1.02329
     114.6     1.0255
       115    1.02789
     115.4    1.03048
     115.8    1.03329
     116.2    1.03632
     116.6    1.03959
       117    1.04313
     117.4    1.04694
     117.8    1.05105
     118.2    1.05548
     118.6    1.06024
       119    1.06537
     119.4    1.07087
     119.8    1.07678
     120.2    1.08312
     120.6    1.08991
       121    1.09719
     121.4    1.10499
     121.8    1.11332
     122.2    1.12223
     122.6    1.13174
       123    1.14189
     123.4    1.15272
     123.8    1.16426
     124.2    1.17655
     124.6    1.18963
       125    1.20354
     125.4    1.21832
     125.8    1.23402
     126.2    1.25069
     126.6    1.26836
       127    1.28709
     127.4    1.30693
     127.8    1.32793
     128.2    1.35015
     128.6    1.37363
       129    1.39844
     129.4    1.42464
     129.8    1.45228
     130.2    1.48142
     130.6    1.51213
       131    1.54448
     131.4    1.57852
     131.8    1.61433
     132.2    1.65197
     132.6    1.69152
       133    1.73305
     133.4    1.77662
     133.8    1.82232
     134.2    1.87022
     134.6    1.92039
       135    1.97292
     135.4    2.02789
     135.8    2.08537
     136.2    2.14544
     136.6     2.2082
       137    2.27371
     137.4    2.34207
     137.8    2.41337
     138.2    2.48768
     138.6    2.56509
       139    2.64568
     139.4    2.72956
     139.8     2.8168
     140.2    2.90749
     140.6    3.00172
       141    3.09957
     141.4    3.20114
     141.8    3.30651
     142.2    3.41577
     142.6    3.52901
       143    3.64631
     143.4    3.76776
     143.8    3.89344
     144.2    4.02345
     144.6    4.15785
       145    4.29674
     145.4     4.4402
     145.8    4.58831
     146.2    4.74114
     146.6    4.89877
       147    5.06129
     147.4    5.22876
     147.8    5.40125
     148.2    5.57884
     148.6    5.76159
       149    5.94958
     149.4    6.14286
     149.8    6.34149
     150.2    6.54555
     150.6    6.75507
       151    6.97012
     151.4    7.19074
     151.8    7.41699
     152.2     7.6489
     152.6    7.88653
       153    8.12991
     153.4    8.37908
     153.8    8.63406
     154.2    8.89489
     154.6    9.16159
       155    9.43418
     155.4    9.71269
     155.8    9.99712
     156.2    10.2875
     156.6    10.5838
       157    10.8861
     157.4    11.1943
     157.8    11.5084
     158.2    11.8285
     158.6    12.1545
       159    12.4864
     159.4    12.8242
     159.8    13.1678
     160.2    13.5173
     160.6    13.8725
       161    14.2335
     161.4    14.6003
     161.8    14.9727
     162.2    15.3507
     162.6    15.7343
       163    16.1233
     163.4    16.5179
     163.8    16.9178
     164.2     17.323
     164.6    17.7335
       165    18.1491
     165.4    18.5698
     165.8    18.9955
     166.2    19.4261
     166.6    19.8615
       167    20.3016
     167.4    20.7464
     167.8    21.1957
     168.2    21.6493
     168.6    22.1073
       169    22.5695
     169.4    23.0357
     169.8    23.5059
     170.2    23.9799
     170.6    24.4577
       171     24.939
     171.4    25.4238
     171.8    25.9119
     172.2    26.4032
     172.6    26.8975
       173    27.3948
     173.4    27.8949
     173.8    28.3976
     174.2    28.9027
     174.6    29.4103
       175      29.92
     175.4    30.4318
     175.8    30.9455
     176.2     31.461
     176.6     31.978
       177    32.4965
     177.4    33.0164
     177.8    33.5373
     178.2    34.0593
     178.6    34.5821
       179    35.1056
     179.4    35.6297
     179.8    36.1541
     180.2    36.6787
     180.6    37.2035
       181    37.7281
     181.4    38.2525
     181.8    38.7766
     182.2    39.3001
     182.6    39.8229
       183    40.3449
     183.4    40.8659
     183.8    41.3858
     184.2    41.9044
     184.6    42.4216
       185    42.9372
     185.4    43.4511
     185.8    43.9632
     186.2    44.4734
     186.6    44.9814
       187    45.4871
     187.4    45.9905
     187.8    46.4914
     188.2    46.9897
     188.6    47.4852
       189    47.9778
     189.4    48.4674
     189.8    48.9538
     190.2    49.4371
     190.6     49.917
       191    50.3934
     191.4    50.8663
     191.8    51.3355
     192.2    51.8009
     192.6    52.2625
       193      52.72
     193.4    53.1736
     193.8    53.6229
     194.2     54.068
     194.6    54.5088
       195    54.9452
     195.4    55.3771
     195.8    55.8044
     196.2    56.2271
     196.6    56.6451
       197    57.0583
     197.4    57.4667
     197.8    57.8702
     198.2    58.2687
     198.6    58.6622
       199    59.0506
     199.4     59.434
     199.8    59.8122
