       0.2 9.66792e-57
       0.6 1.77229e-53
         1 1.21416e-50
       1.4 4.32256e-48
       1.8 9.37668e-46
       2.2 1.36313e-43
       2.6 1.4154e-41
         3 1.09895e-39
       3.4 6.60505e-38
       3.8 3.15767e-36
       4.2 1.22736e-34
       4.6 3.94965e-33
         5 1.06843e-31
       5.4 2.46152e-30
       5.8 4.88467e-29
       6.2 8.43243e-28
       6.6 1.27754e-26
         7 1.71204e-25
       7.4 2.04385e-24
       7.8 2.18762e-23
       8.2 2.11173e-22
       8.6 1.84837e-21
         9 1.4743e-20
       9.4 1.07655e-19
       9.8 7.22768e-19
      10.2 4.47943e-18
      10.6 2.57239e-17
        11 1.37364e-16
      11.4 6.84341e-16
      11.8 3.19077e-15
      12.2 1.39645e-14
      12.6 5.75281e-14
        13 2.23671e-13
      13.4 8.22825e-13
      13.8 2.87086e-12
      14.2 9.5216e-12
      14.6 3.00842e-11
        15 9.07387e-11
      15.4 2.61771e-10
      15.8 7.23665e-10
      16.2 1.92049e-09
      16.6 4.90099e-09
        17 1.20463e-08
      17.4 2.85626e-08
      17.8 6.54262e-08
      18.2 1.44987e-07
      18.6 3.11256e-07
        19 6.48145e-07
      19.4 1.31078e-06
      19.8 2.57749e-06
      20.2 4.93363e-06
      20.6 9.20244e-06
        21 1.67438e-05
      21.4 2.97472e-05
      21.8 5.16522e-05
      22.2 8.77354e-05
      22.6 0.000145908
        23 0.000237773
      23.4 0.000379988
      23.8 0.000595977
      24.2 0.000918038
      24.6 0.00138984
        25 0.00206937
      25.4 0.00303219
      25.8 0.00437514
      26.2 0.00622014
      26.6 0.00871828
        27  0.0120538
      27.4  0.0164477
      27.8  0.0221615
      28.2  0.0294995
      28.6  0.0388115
        29  0.0504927
      29.4  0.0649849
      29.8  0.0827736
      30.2   0.104386
      30.6   0.130388
        31   0.161375
      31.4    0.19797
      31.8   0.240812
      32.2   0.290547
      32.6   0.347824
        33   0.413278
      33.4   0.487526
      33.8   0.571152
      34.2   0.664702
      34.6   0.768677
        35   0.883519
      35.4    1.00961
      35.8    1.14726
      36.2    1.29673
      36.6    1.45818
        37     1.6317
      37.4    1.81734
      37.8    2.01504
      38.2    2.22469
      38.6    2.44612
        39    2.67908
      39.4     2.9233
      39.8    3.17843
      40.2    3.44409
      40.6    3.71988
        41    4.00535
      41.4    4.30003
      41.8    4.60346
      42.2    4.91514
      42.6    5.23458
        43    5.56128
      43.4    5.89477
      43.8    6.23457
      44.2    6.58021
      44.6    6.93124
        45    7.28724
      45.4    7.64778
      45.8    8.01249
      46.2    8.38099
      46.6    8.75293
        47    9.12799
      47.4    9.50587
      47.8     9.8863
      48.2     10.269
      48.6    10.6538
        49    11.0403
      49.4    11.4285
      49.8    11.8182
      50.2    12.2092
      50.6    12.6013
        51    12.9944
      51.4    13.3884
      51.8    13.7831
      52.2    14.1786
      52.6    14.5747
        53    14.9713
      53.4    15.3683
      53.8    15.7658
      54.2    16.1636
      54.6    16.5617
        55    16.9601
      55.4    17.3587
      55.8    17.7575
      56.2    18.1565
      56.6    18.5556
        57    18.9549
      57.4    19.3542
      57.8    19.7537
      58.2    20.1532
      58.6    20.5528
        59    20.9525
      59.4    21.3522
      59.8     21.752
      60.2    22.1517
      60.6    22.5516
        61    22.9514
      61.4    23.3513
      61.8    23.7512
      62.2    24.1511
      62.6     24.551
        63     24.951
      63.4    25.3509
      63.8    25.7509
      64.2    26.1508
      64.6    26.5508
        65    26.9508
      65.4    27.3507
      65.8    27.7507
      66.2    28.1507
      66.6    28.5507
        67    28.9507
      67.4    29.3507
      67.8    29.7507
      68.2    30.1507
      68.6    30.5507
        69    30.9507
      69.4    31.3507
      69.8    31.7506
      70.2    32.1506
      70.6    32.5506
        71    32.9506
      71.4    33.3506
      71.8    33.7506
      72.2    34.1506
      72.6    34.5506
        73    34.9506
      73.4    35.3506
      73.8    35.7506
      74.2    36.1506
      74.6    36.5506
        75    36.9506
      75.4    37.3506
      75.8    37.7506
      76.2    38.1506
      76.6    38.5506
        77    38.9506
      77.4    39.3506
      77.8    39.7506
      78.2    40.1506
      78.6    40.5506
        79    40.9506
      79.4    41.3506
      79.8    41.7506
      80.2    42.1506
      80.6    42.5506
        81    42.9506
      81.4    43.3506
      81.8    43.7506
      82.2    44.1506
      82.6    44.5506
        83    44.9506
      83.4    45.3506
      83.8    45.7506
      84.2    46.1506
      84.6    46.5506
        85    46.9506
      85.4    47.3506
      85.8    47.7506
      86.2    48.1506
      86.6    48.5506
        87    48.9506
      87.4    49.3506
      87.8    49.7506
      88.2    50.1506
      88.6    50.5507
        89    50.9507
      89.4    51.3507
      89.8    51.7507
      90.2    52.1507
      90.6    52.5507
        91    52.9507
      91.4    53.3507
      91.8    53.7507
      92.2    54.1507
      92.6    54.5507
        93    54.9508
      93.4    55.3508
      93.8    55.7508
      94.2    56.1508
      94.6    56.5509
        95    56.9509
      95.4    57.3509
      95.8     57.751
      96.2     58.151
      96.6    58.5511
        97    58.9512
      97.4    59.3513
      97.8    59.7514
      98.2    60.1515
      98.6    60.5516
        99    60.9518
      99.4    61.3519
      99.8    61.7521
     100.2    62.1523
     100.6    62.5526
       101    62.9528
     101.4    63.3531
     101.8    63.7535
     102.2    64.1539
     102.6    64.5543
       103    64.9548
     103.4    65.3554
     103.8     65.756
     104.2    66.1567
     104.6    66.5575
       105    66.9584
     105.4    67.3594
     105.8    67.7605
     106.2    68.1618
     106.6    68.5632
       107    68.9647
     107.4    69.3664
     107.8    69.7683
     108.2    70.1704
     108.6    70.5728
       109    70.9754
     109.4    71.3783
     109.8    71.7815
     110.2     72.185
     110.6     72.589
       111    72.9933
     111.4     73.398
     111.8    73.8033
     112.2     74.209
     112.6    74.6154
       113    75.0223
     113.4      75.43
     113.8    75.8383
     114.2    76.2475
     114.6    76.6576
       115    77.0686
     115.4    77.4806
     115.8    77.8937
     116.2     78.308
     116.6    78.7237
       117    79.1407
     117.4    79.5592
     117.8    79.9793
     118.2    80.4012
     118.6     80.825
       119    81.2508
     119.4    81.6787
     119.8     82.109
     120.2    82.5418
     120.6    82.9773
       121    83.4157
     121.4    83.8571
     121.8    84.3019
     122.2    84.7501
     122.6    85.2021
       123    85.6581
     123.4    86.1185
     123.8    86.5833
     124.2     87.053
     124.6    87.5279
       125    88.0083
     125.4    88.4945
     125.8     88.987
     126.2     89.486
     126.6     89.992
       127    90.5055
     127.4    91.0267
     127.8    91.5563
     128.2    92.0947
     128.6    92.6423
       129    93.1998
     129.4    93.7676
     129.8    94.3464
     130.2    94.9366
     130.6    95.5391
       131    96.1543
     131.4     96.783
     131.8    97.4259
     132.2    98.0837
     132.6    98.7571
       133     99.447
     133.4    100.154
     133.8    100.879
     134.2    101.623
     134.6    102.387
       135    103.172
     135.4    103.979
     135.8    104.808
     136.2    105.661
     136.6    106.539
       137    107.443
     137.4    108.374
     137.8    109.333
     138.2    110.322
     138.6    111.341
       139    112.393
     139.4    113.477
     139.8    114.596
     140.2    115.751
     140.6    116.943
       141    118.175
     141.4    119.446
     141.8    120.759
     142.2    122.115
     142.6    123.517
       143    124.964
     143.4     126.46
     143.8    128.006
     144.2    129.603
     144.6    131.254
       145     132.96
     145.4    134.722
     145.8    136.543
     146.2    138.425
     146.6     140.37
       147    142.379
     147.4    144.454
     147.8    146.598
     148.2    148.812
     148.6    151.098
       149     153.46
     149.4    155.898
     149.8    158.414
     150.2    161.012
     150.6    163.693
       151    166.459
     151.4    169.313
     151.8    172.257
     152.2    175.292
     152.6    178.422
       153    181.649
     153.4    184.974
     153.8    188.401
     154.2    191.932
     154.6    195.568
       155    199.312
     155.4    203.167
     155.8    207.136
     156.2    211.219
     156.6     215.42
       157    219.742
     157.4    224.185
     157.8    228.754
     158.2    233.449
     158.6    238.275
       159    243.232
     159.4    248.323
     159.8    253.551
     160.2    258.918
     160.6    264.426
       161    270.078
     161.4    275.876
     161.8    281.821
     162.2    287.917
     162.6    294.165
       163    300.569
     163.4    307.129
     163.8    313.848
     164.2    320.728
     164.6    327.772
       165    334.981
     165.4    342.357
     165.8    349.903
     166.2     357.62
     166.6    365.511
       167    373.576
     167.4    381.819
     167.8     390.24
     168.2    398.842
     168.6    407.627
       169    416.595
     169.4    425.749
     169.8    435.091
     170.2    444.621
     170.6    454.341
       171    464.253
     171.4    474.359
     171.8    484.658
     172.2    495.154
     172.6    505.846
       173    516.737
     173.4    527.827
     173.8    539.117
     174.2    550.609
     174.6    562.303
       175      574.2
     175.4    586.301
     175.8    598.607
     176.2    611.119
     176.6    623.837
       177    636.761
     177.4    649.893
     177.8    663.233
     178.2    676.781
     178.6    690.538
       179    704.503
     179.4    718.678
     179.8    733.062
     180.2    747.655
     180.6    762.458
       181     777.47
     181.4    792.692
     181.8    808.122
     182.2    823.762
     182.6    839.611
       183    855.668
     183.4    871.934
     183.8    888.407
     184.2    905.087
     184.6    921.974
       185    939.067
     185.4    956.365
     185.8    973.868
     186.2    991.575
     186.6    1009.48
       187     1027.6
     187.4    1045.91
     187.8    1064.42
     188.2    1083.14
     188.6    1102.05
       189    1121.16
     189.4    1140.46
     189.8    1159.96
     190.2    1179.65
     190.6    1199.54
       191    1219.61
     191.4    1239.88
     191.8    1260.33
     192.2    1280.97
     192.6    1301.79
       193     1322.8
     193.4    1343.98
     193.8    1365.35
     194.2     1386.9
     194.6    1408.62
       195    1430.52
     195.4    1452.59
     195.8    1474.83
     196.2    1497.25
     196.6    1519.83
       197    1542.57
     197.4    1565.48
     197.8    1588.55
     198.2    1611.78
     198.6    1635.17
       199    1658.72
     199.4    1682.41
     199.8    1706.26
