       0.2 2.05682e-91
       0.6 4.37612e-88
         1 4.88655e-85
       1.4 3.35627e-82
       1.8 1.55904e-79
       2.2 5.21846e-77
       2.6 1.31721e-74
         3 2.59465e-72
       3.4 4.09667e-70
       3.8 5.29725e-68
       4.2 5.70964e-66
       4.6 5.20619e-64
         5 4.06662e-62
       5.4 2.75066e-60
       5.8 1.62631e-58
       6.2 8.47446e-57
       6.6 3.92038e-55
         7 1.62059e-53
       7.4 6.02121e-52
       7.8 2.02135e-50
       8.2 6.1606e-49
       8.6 1.71205e-47
         9 4.35562e-46
       9.4 1.01816e-44
       9.8 2.19418e-43
      10.2 4.37298e-42
      10.6 8.08328e-41
        11 1.38953e-39
      11.4 2.22694e-38
      11.8 3.33522e-37
      12.2 4.67807e-36
      12.6 6.15782e-35
        13 7.62155e-34
      13.4 8.88593e-33
      13.8 9.7757e-32
      14.2 1.01643e-30
      14.6 1.00035e-29
        15 9.3325e-29
      15.4 8.26424e-28
      15.8 6.95547e-27
      16.2 5.57055e-26
      16.6 4.2503e-25
        17 3.0929e-24
      17.4 2.14877e-23
      17.8 1.42665e-22
      18.2 9.06061e-22
      18.6 5.50927e-21
        19 3.20991e-20
      19.4 1.7935e-19
      19.8 9.61725e-19
      20.2 4.95282e-18
      20.6 2.45133e-17
        21 1.16676e-16
      21.4 5.34388e-16
      21.8 2.35657e-15
      22.2 1.00112e-14
      22.6 4.09927e-14
        23 1.61863e-13
      23.4 6.16612e-13
      23.8 2.26719e-12
      24.2 8.04918e-12
      24.6 2.76039e-11
        25 9.14748e-11
      25.4 2.93014e-10
      25.8 9.07548e-10
      26.2 2.71876e-09
      26.6 7.87976e-09
        27 2.21006e-08
      27.4 5.99999e-08
      27.8 1.57705e-07
      28.2 4.01402e-07
      28.6 9.89545e-07
        29 2.36316e-06
      29.4 5.46797e-06
      29.8 1.22604e-05
      30.2 2.6644e-05
      30.6 5.61273e-05
        31 0.00011463
      31.4 0.000227005
      31.8 0.000435974
      32.2 0.000812171
      32.6 0.00146783
        33 0.00257417
      33.4 0.00438156
      33.8 0.00724043
      34.2   0.011619
      34.6   0.018113
        35  0.0274406
      35.4  0.0404173
      35.8  0.0579063
      36.2  0.0807446
      36.6   0.109649
        37   0.145115
      37.4   0.187316
      37.8   0.236037
      38.2   0.290631
      38.6   0.350041
        39   0.412863
      39.4    0.47745
      39.8   0.542056
      40.2   0.604978
      40.6   0.664691
        41    0.71995
      41.4    0.76986
      41.8   0.813893
      42.2   0.851872
      42.6   0.883926
        43   0.910421
      43.4   0.931889
      43.8   0.948954
      44.2   0.962273
      44.6   0.972491
        45     0.9802
      45.4   0.985925
      45.8   0.990113
      46.2   0.993134
      46.6   0.995284
        47   0.996794
      47.4   0.997842
      47.8   0.998561
      48.2   0.999049
      48.6   0.999377
        49   0.999595
      49.4   0.999739
      49.8   0.999833
      50.2   0.999894
      50.6   0.999933
        51   0.999958
      51.4   0.999974
      51.8   0.999984
      52.2    0.99999
      52.6   0.999994
        53   0.999996
      53.4   0.999998
      53.8   0.999999
      54.2   0.999999
      54.6   0.999999
        55          1
      55.4          1
      55.8          1
      56.2          1
      56.6          1
        57          1
      57.4          1
      57.8          1
      58.2          1
      58.6          1
        59          1
      59.4          1
      59.8          1
      60.2          1
      60.6          1
        61          1
      61.4          1
      61.8          1
      62.2          1
      62.6          1
        63          1
      63.4          1
      63.8          1
      64.2          1
      64.6          1
        65          1
      65.4          1
      65.8          1
      66.2          1
      66.6          1
        67          1
      67.4          1
      67.8          1
      68.2          1
      68.6          1
        69          1
      69.4          1
      69.8          1
      70.2          1
      70.6          1
        71          1
      71.4          1
      71.8          1
      72.2          1
      72.6          1
        73          1
      73.4          1
      73.8          1
      74.2          1
      74.6          1
        75          1
      75.4          1
      75.8          1
      76.2          1
      76.6          1
        77          1
      77.4          1
      77.8          1
      78.2          1
      78.6          1
        79          1
      79.4          1
      79.8          1
      80.2          1
      80.6          1
        81          1
      81.4          1
      81.8          1
      82.2          1
      82.6          1
        83          1
      83.4          1
      83.8          1
      84.2          1
      84.6          1
        85          1
      85.4          1
      85.8          1
      86.2          1
      86.6          1
        87          1
      87.4          1
      87.8          1
      88.2          1
      88.6          1
        89          1
      89.4          1
      89.8          1
      90.2          1
      90.6          1
        91          1
      91.4          1
      91.8          1
      92.2          1
      92.6          1
        93          1
      93.4          1
      93.8          1
      94.2          1
      94.6          1
        95          1
      95.4          1
      95.8          1
      96.2          1
      96.6          1
        97          1
      97.4          1
      97.8          1
      98.2          1
      98.6          1
        99          1
      99.4          1
      99.8          1
     100.2          1
     100.6          1
       101          1
     101.4          1
     101.8          1
     102.2          1
     102.6          1
       103          1
     103.4          1
     103.8          1
     104.2          1
     104.6          1
       105          1
     105.4          1
     105.8          1
     106.2          1
     106.6          1
       107          1
     107.4          1
     107.8          1
     108.2          1
     108.6          1
       109          1
     109.4          1
     109.8          1
     110.2          1
     110.6          1
       111          1
     111.4          1
     111.8          1
     112.2          1
     112.6          1
       113          1
     113.4          1
     113.8          1
     114.2          1
     114.6          1
       115          1
     115.4          1
     115.8          1
     116.2          1
     116.6          1
       117          1
     117.4          1
     117.8          1
     118.2          1
     118.6          1
       119          1
     119.4          1
     119.8          1
     120.2          1
     120.6          1
       121          1
     121.4          1
     121.8          1
     122.2          1
     122.6          1
       123          1
     123.4          1
     123.8          1
     124.2          1
     124.6          1
       125          1
     125.4          1
     125.8          1
     126.2          1
     126.6          1
       127          1
     127.4          1
     127.8          1
     128.2          1
     128.6          1
       129          1
     129.4          1
     129.8          1
     130.2          1
     130.6          1
       131          1
     131.4          1
     131.8          1
     132.2          1
     132.6          1
       133          1
     133.4          1
     133.8          1
     134.2          1
     134.6          1
       135          1
     135.4          1
     135.8          1
     136.2          1
     136.6          1
       137          1
     137.4          1
     137.8          1
     138.2    1.00001
     138.6    1.00001
       139    1.00001
     139.4    1.00001
     139.8    1.00001
     140.2    1.00001
     140.6    1.00002
       141    1.00002
     141.4    1.00003
     141.8    1.00003
     142.2    1.00004
     142.6    1.00005
       143    1.00006
     143.4    1.00007
     143.8    1.00009
     144.2     1.0001
     144.6    1.00013
       145    1.00015
     145.4    1.00018
     145.8    1.00022
     146.2    1.00026
     146.6    1.00032
       147    1.00038
     147.4    1.00045
     147.8    1.00054
     148.2    1.00064
     148.6    1.00076
       149     1.0009
     149.4    1.00107
     149.8    1.00126
     150.2    1.00149
     150.6    1.00176
       151    1.00207
     151.4    1.00244
     151.8    1.00286
     152.2    1.00335
     152.6    1.00393
       153    1.00459
     153.4    1.00536
     153.8    1.00625
     154.2    1.00727
     154.6    1.00845
       155    1.00981
     155.4    1.01137
     155.8    1.01316
     156.2     1.0152
     156.6    1.01754
       157    1.02022
     157.4    1.02326
     157.8    1.02673
     158.2    1.03067
     158.6    1.03515
       159    1.04022
     159.4    1.04595
     159.8    1.05243
     160.2    1.05974
     160.6    1.06798
       161    1.07725
     161.4    1.08765
     161.8    1.09933
     162.2     1.1124
     162.6    1.12702
       163    1.14335
     163.4    1.16155
     163.8    1.18182
     164.2    1.20436
     164.6    1.22938
       165    1.25712
     165.4    1.28783
     165.8    1.32178
     166.2    1.35926
     166.6    1.40057
       167    1.44604
     167.4    1.49602
     167.8    1.55087
     168.2      1.611
     168.6     1.6768
       169    1.74872
     169.4    1.82721
     169.8    1.91276
     170.2    2.00586
     170.6    2.10703
       171    2.21684
     171.4    2.33584
     171.8    2.46463
     172.2    2.60381
     172.6    2.75402
       173    2.91591
     173.4    3.09014
     173.8     3.2774
     174.2    3.47837
     174.6    3.69378
       175    3.92433
     175.4    4.17076
     175.8     4.4338
     176.2    4.71419
     176.6    5.01266
       177    5.32995
     177.4    5.66679
     177.8     6.0239
     178.2    6.40199
     178.6    6.80175
       179    7.22386
     179.4    7.66898
     179.8    8.13773
     180.2     8.6307
     180.6    9.14846
       181    9.69153
     181.4    10.2604
     181.8    10.8555
     182.2    11.4772
     182.6    12.1259
       183    12.8019
     183.4    13.5053
     183.8    14.2363
     184.2    14.9951
     184.6    15.7817
       185    16.5959
     185.4    17.4377
     185.8     18.307
     186.2    19.2034
     186.6    20.1267
       187    21.0763
     187.4    22.0518
     187.8    23.0527
     188.2    24.0783
     188.6    25.1278
       189    26.2005
     189.4    27.2954
     189.8    28.4117
     190.2    29.5483
     190.6    30.7041
       191     31.878
     191.4    33.0688
     191.8    34.2752
     192.2    35.4958
     192.6    36.7293
       193    37.9743
     193.4    39.2293
     193.8    40.4928
     194.2    41.7633
     194.6    43.0393
       195    44.3191
     195.4    45.6012
     195.8    46.8839
     196.2    48.1658
     196.6    49.4451
       197    50.7203
     197.4    51.9898
     197.8    53.2521
     198.2    54.5056
     198.6    55.7488
       199    56.9802
     199.4    58.1984
     199.8     59.402
