       0.2 7.57289e-95
       0.6 4.23384e-91
         1 8.93347e-88
       1.4 9.89041e-85
       1.8 6.73463e-82
       2.2 3.10117e-79
       2.6 1.02893e-76
         3 2.5742e-74
       3.4 5.02543e-72
       3.8 7.86324e-70
       4.2 1.00755e-67
       4.6 1.07606e-65
         5 9.72141e-64
       5.4 7.52309e-62
       5.8 5.04107e-60
       6.2 2.95248e-58
       6.6 1.52393e-56
         7 6.98275e-55
       7.4 2.85887e-53
       7.8 1.05197e-51
       8.2 3.49736e-50
       8.6 1.05555e-48
         9 2.90478e-47
       9.4 7.31765e-46
       9.8 1.69374e-44
      10.2 3.61411e-43
      10.6 7.13171e-42
        11 1.30521e-40
      11.4 2.22144e-39
      11.8 3.52485e-38
      12.2 5.22662e-37
      12.6 7.25818e-36
        13 9.45922e-35
      13.4 1.15916e-33
      13.8 1.33808e-32
      14.2 1.45752e-31
      14.6 1.50054e-30
        15 1.46231e-29
      15.4 1.35089e-28
      15.8 1.18463e-27
      16.2 9.87388e-27
      16.6 7.83194e-26
        17 5.91879e-25
      17.4 4.26635e-24
      17.8 2.93627e-23
      18.2 1.93145e-22
      18.6 1.21543e-21
        19 7.32364e-21
      19.4 4.22904e-20
      19.8 2.34223e-19
      20.2 1.24515e-18
      20.6 6.35831e-18
        21 3.12096e-17
      21.4 1.4735e-16
      21.8 6.69574e-16
      22.2 2.93018e-15
      22.6 1.23561e-14
        23 5.0234e-14
      23.4 1.96997e-13
      23.8 7.45556e-13
      24.2 2.72431e-12
      24.6 9.61564e-12
        25 3.27961e-11
      25.4 1.08133e-10
      25.8 3.44786e-10
      26.2 1.06352e-09
      26.6 3.1746e-09
        27 9.17315e-09
      27.4 2.56663e-08
      27.8 6.95583e-08
      28.2 1.82639e-07
      28.6 4.64741e-07
        29 1.14634e-06
      29.4 2.7416e-06
      29.8 6.35907e-06
      30.2 1.43082e-05
      30.6 3.12378e-05
        31 6.61893e-05
      31.4 0.00013615
      31.8 0.000271943
      32.2 0.000527582
      32.6 0.000994441
        33 0.00182171
      33.4  0.0032444
      33.8 0.00561958
      34.2 0.00947018
      34.6  0.0155341
        35  0.0248138
      35.4  0.0386193
      35.8  0.0585963
      36.2  0.0867278
      36.6   0.125303
        37   0.176848
      37.4   0.244014
      37.8   0.329434
      38.2   0.435563
      38.6   0.564508
        39    0.71788
      39.4    0.89668
      39.8    1.10124
      40.2    1.33119
      40.6    1.58556
        41     1.8628
      41.4    2.16096
      41.8     2.4778
      42.2    2.81095
      42.6    3.15805
        43    3.51681
      43.4    3.88513
      43.8    4.26115
      44.2    4.64324
      44.6    5.03005
        45    5.42046
      45.4    5.81358
      45.8    6.20869
      46.2    6.60526
      46.6    7.00289
        47    7.40125
      47.4    7.80015
      47.8     8.1994
      48.2     8.5989
      48.6    8.99857
        49    9.39836
      49.4    9.79822
      49.8    10.1981
      50.2    10.5981
      50.6     10.998
        51     11.398
      51.4     11.798
      51.8     12.198
      52.2     12.598
      52.6     12.998
        53     13.398
      53.4     13.798
      53.8     14.198
      54.2     14.598
      54.6     14.998
        55     15.398
      55.4     15.798
      55.8     16.198
      56.2     16.598
      56.6     16.998
        57     17.398
      57.4     17.798
      57.8     18.198
      58.2     18.598
      58.6     18.998
        59     19.398
      59.4     19.798
      59.8     20.198
      60.2     20.598
      60.6     20.998
        61     21.398
      61.4     21.798
      61.8     22.198
      62.2     22.598
      62.6     22.998
        63     23.398
      63.4     23.798
      63.8     24.198
      64.2     24.598
      64.6     24.998
        65     25.398
      65.4     25.798
      65.8     26.198
      66.2     26.598
      66.6     26.998
        67     27.398
      67.4     27.798
      67.8     28.198
      68.2     28.598
      68.6     28.998
        69     29.398
      69.4     29.798
      69.8     30.198
      70.2     30.598
      70.6     30.998
        71     31.398
      71.4     31.798
      71.8     32.198
      72.2     32.598
      72.6     32.998
        73     33.398
      73.4     33.798
      73.8     34.198
      74.2     34.598
      74.6     34.998
        75     35.398
      75.4     35.798
      75.8     36.198
      76.2     36.598
      76.6     36.998
        77     37.398
      77.4     37.798
      77.8     38.198
      78.2     38.598
      78.6     38.998
        79     39.398
      79.4     39.798
      79.8     40.198
      80.2     40.598
      80.6     40.998
        81     41.398
      81.4     41.798
      81.8     42.198
      82.2     42.598
      82.6     42.998
        83     43.398
      83.4     43.798
      83.8     44.198
      84.2     44.598
      84.6     44.998
        85     45.398
      85.4     45.798
      85.8     46.198
      86.2     46.598
      86.6     46.998
        87     47.398
      87.4     47.798
      87.8     48.198
      88.2     48.598
      88.6     48.998
        89     49.398
      89.4     49.798
      89.8     50.198
      90.2     50.598
      90.6     50.998
        91     51.398
      91.4     51.798
      91.8     52.198
      92.2     52.598
      92.6     52.998
        93     53.398
      93.4     53.798
      93.8     54.198
      94.2     54.598
      94.6     54.998
        95     55.398
      95.4     55.798
      95.8     56.198
      96.2     56.598
      96.6     56.998
        97     57.398
      97.4     57.798
      97.8     58.198
      98.2     58.598
      98.6     58.998
        99     59.398
      99.4     59.798
      99.8     60.198
     100.2     60.598
     100.6     60.998
       101     61.398
     101.4     61.798
     101.8     62.198
     102.2     62.598
     102.6     62.998
       103     63.398
     103.4     63.798
     103.8     64.198
     104.2     64.598
     104.6     64.998
       105     65.398
     105.4     65.798
     105.8     66.198
     106.2     66.598
     106.6     66.998
       107     67.398
     107.4     67.798
     107.8     68.198
     108.2     68.598
     108.6     68.998
       109     69.398
     109.4     69.798
     109.8     70.198
     110.2     70.598
     110.6     70.998
       111     71.398
     111.4     71.798
     111.8     72.198
     112.2     72.598
     112.6     72.998
       113     73.398
     113.4     73.798
     113.8     74.198
     114.2     74.598
     114.6     74.998
       115     75.398
     115.4     75.798
     115.8     76.198
     116.2     76.598
     116.6     76.998
       117     77.398
     117.4     77.798
     117.8     78.198
     118.2     78.598
     118.6     78.998
       119     79.398
     119.4     79.798
     119.8     80.198
     120.2     80.598
     120.6     80.998
       121     81.398
     121.4     81.798
     121.8     82.198
     122.2     82.598
     122.6     82.998
       123     83.398
     123.4     83.798
     123.8     84.198
     124.2     84.598
     124.6     84.998
       125     85.398
     125.4     85.798
     125.8     86.198
     126.2     86.598
     126.6     86.998
       127     87.398
     127.4     87.798
     127.8     88.198
     128.2     88.598
     128.6     88.998
       129     89.398
     129.4     89.798
     129.8     90.198
     130.2     90.598
     130.6     90.998
       131     91.398
     131.4     91.798
     131.8     92.198
     132.2     92.598
     132.6     92.998
       133     93.398
     133.4     93.798
     133.8     94.198
     134.2     94.598
     134.6     94.998
       135     95.398
     135.4     95.798
     135.8     96.198
     136.2     96.598
     136.6     96.998
       137     97.398
     137.4     97.798
     137.8     98.198
     138.2     98.598
     138.6     98.998
       139     99.398
     139.4     99.798
     139.8    100.198
     140.2    100.598
     140.6    100.998
       141    101.398
     141.4    101.798
     141.8    102.198
     142.2    102.598
     142.6    102.998
       143    103.398
     143.4    103.798
     143.8    104.198
     144.2    104.598
     144.6    104.998
       145    105.398
     145.4    105.798
     145.8    106.199
     146.2    106.599
     146.6    106.999
       147    107.399
     147.4    107.799
     147.8    108.199
     148.2      108.6
     148.6        109
       149      109.4
     149.4    109.801
     149.8    110.201
     150.2    110.602
     150.6    111.003
       151    111.404
     151.4    111.805
     151.8    112.206
     152.2    112.608
     152.6    113.009
       153    113.411
     153.4    113.814
     153.8    114.216
     154.2    114.619
     154.6    115.023
       155    115.427
     155.4    115.832
     155.8    116.238
     156.2    116.644
     156.6    117.052
       157     117.46
     157.4     117.87
     157.8    118.281
     158.2    118.694
     158.6    119.109
       159    119.526
     159.4    119.946
     159.8    120.368
     160.2    120.793
     160.6    121.222
       161    121.654
     161.4    122.091
     161.8    122.532
     162.2    122.979
     162.6    123.432
       163    123.892
     163.4    124.359
     163.8    124.835
     164.2     125.32
     164.6    125.815
       165    126.322
     165.4    126.841
     165.8    127.374
     166.2    127.922
     166.6    128.488
       167    129.071
     167.4    129.676
     167.8    130.302
     168.2    130.953
     168.6    131.631
       169    132.337
     169.4    133.076
     169.8    133.849
     170.2     134.66
     170.6    135.512
       171    136.408
     171.4    137.352
     171.8    138.348
     172.2      139.4
     172.6    140.513
       173    141.691
     173.4    142.938
     173.8    144.261
     174.2    145.664
     174.6    147.153
       175    148.735
     175.4    150.415
     175.8    152.201
     176.2    154.098
     176.6    156.114
       177    158.257
     177.4    160.534
     177.8    162.954
     178.2    165.524
     178.6    168.253
       179    171.149
     179.4    174.223
     179.8    177.483
     180.2    180.938
     180.6    184.599
       181    188.475
     181.4    192.576
     181.8    196.914
     182.2    201.497
     182.6    206.337
       183    211.445
     183.4    216.831
     183.8    222.506
     184.2    228.481
     184.6    234.767
       185    241.374
     185.4    248.314
     185.8    255.598
     186.2    263.235
     186.6    271.236
       187    279.613
     187.4    288.374
     187.8     297.53
     188.2    307.091
     188.6    317.066
       189    327.464
     189.4    338.294
     189.8    349.565
     190.2    361.284
     190.6    373.458
       191    386.096
     191.4    399.204
     191.8    412.788
     192.2    426.853
     192.6    441.406
       193     456.45
     193.4    471.989
     193.8    488.028
     194.2    504.568
     194.6    521.613
       195    539.163
     195.4     557.22
     195.8    575.785
     196.2    594.857
     196.6    614.435
       197    634.519
     197.4    655.105
     197.8    676.191
     198.2    697.775
     198.6    719.852
       199    742.417
     199.4    765.467
     199.8    788.995
