// Group: coupleGroup
// Patch: heater minY
15
(
(-0.013333333 -0.04 -0.01)
(-0.0066666667 -0.04 -0.01)
(-0.0066666667 -0.04 0)
(-0.013333333 -0.04 0)
(-0.0066666667 -0.04 0.01)
(-0.013333333 -0.04 0.01)
(0 -0.04 -0.01)
(0 -0.04 0)
(0 -0.04 0.01)
(0.0066666667 -0.04 -0.01)
(0.0066666667 -0.04 0)
(0.0066666667 -0.04 0.01)
(0.013333333 -0.04 -0.01)
(0.013333333 -0.04 0)
(0.013333333 -0.04 0.01)
)

// Patch: topAir minX
55
(
(-0.1 0.008 -0.05)
(-0.1 0.008 -0.04)
(-0.1 0.016 -0.04)
(-0.1 0.016 -0.05)
(-0.1 0.024 -0.04)
(-0.1 0.024 -0.05)
(-0.1 0.032 -0.04)
(-0.1 0.032 -0.05)
(-0.1 0.04 -0.04)
(-0.1 0.04 -0.05)
(-0.1 0.008 -0.03)
(-0.1 0.016 -0.03)
(-0.1 0.024 -0.03)
(-0.1 0.032 -0.03)
(-0.1 0.04 -0.03)
(-0.1 0.008 -0.02)
(-0.1 0.016 -0.02)
(-0.1 0.024 -0.02)
(-0.1 0.032 -0.02)
(-0.1 0.04 -0.02)
(-0.1 0.008 -0.01)
(-0.1 0.016 -0.01)
(-0.1 0.024 -0.01)
(-0.1 0.032 -0.01)
(-0.1 0.04 -0.01)
(-0.1 0.008 0)
(-0.1 0.016 0)
(-0.1 0.024 0)
(-0.1 0.032 0)
(-0.1 0.04 0)
(-0.1 0.008 0.01)
(-0.1 0.016 0.01)
(-0.1 0.024 0.01)
(-0.1 0.032 0.01)
(-0.1 0.04 0.01)
(-0.1 0.008 0.02)
(-0.1 0.016 0.02)
(-0.1 0.024 0.02)
(-0.1 0.032 0.02)
(-0.1 0.04 0.02)
(-0.1 0.008 0.03)
(-0.1 0.016 0.03)
(-0.1 0.024 0.03)
(-0.1 0.032 0.03)
(-0.1 0.04 0.03)
(-0.1 0.008 0.04)
(-0.1 0.016 0.04)
(-0.1 0.024 0.04)
(-0.1 0.032 0.04)
(-0.1 0.04 0.04)
(-0.1 0.008 0.05)
(-0.1 0.016 0.05)
(-0.1 0.024 0.05)
(-0.1 0.032 0.05)
(-0.1 0.04 0.05)
)

