       0.2 6.76183e-59
       0.6 5.75032e-56
         1 2.5468e-53
       1.4 6.88418e-51
       1.8 1.24898e-48
       2.2 1.62079e-46
       2.6 1.57475e-44
         3 1.18573e-42
       3.4 7.10858e-41
       3.8 3.4678e-39
       4.2 1.40149e-37
       4.6 4.7636e-36
         5 1.37934e-34
       5.4 3.44051e-33
       5.8 7.46469e-32
       6.2 1.4209e-30
       6.6 2.39112e-29
         7 3.58185e-28
       7.4 4.80596e-27
       7.8 5.8086e-26
       8.2 6.35668e-25
       8.6 6.32879e-24
         9 5.75774e-23
       9.4 4.80612e-22
       9.8 3.69485e-21
      10.2 2.62543e-20
      10.6 1.73001e-19
        11 1.06047e-18
      11.4 6.06498e-18
      11.8 3.24525e-17
      12.2 1.62891e-16
      12.6 7.68887e-16
        13 3.42114e-15
      13.4 1.43814e-14
      13.8 5.72386e-14
      14.2 2.16133e-13
      14.6 7.75793e-13
        15 2.65202e-12
      15.4 8.64946e-12
      15.8 2.69604e-11
      16.2 8.04455e-11
      16.6 2.30143e-10
        17 6.32221e-10
      17.4 1.67011e-09
      17.8 4.24844e-09
      18.2 1.04209e-08
      18.6 2.46789e-08
        19 5.64977e-08
      19.4 1.25181e-07
      19.8 2.68745e-07
      20.2 5.59655e-07
      20.6 1.13171e-06
        21 2.2245e-06
      21.4 4.25439e-06
      21.8 7.92434e-06
      22.2 1.43882e-05
      22.6 2.54889e-05
        23 4.40927e-05
      23.4 7.45437e-05
      23.8 0.000123262
      24.2 0.000199503
      24.6 0.000316299
        25 0.000491567
      25.4 0.000749385
      25.8 0.00112138
      26.2 0.00164819
      26.6  0.0023809
        27 0.00338232
      27.4 0.00472805
      27.8 0.00650713
      28.2 0.00882216
      28.6  0.0117888
        29  0.0155345
      29.4  0.0201965
      29.8  0.0259187
      30.2  0.0328485
      30.6  0.0411322
        31    0.05091
      31.4  0.0623115
      31.8    0.07545
      32.2  0.0904177
      32.6   0.107281
        33   0.126077
      33.4    0.14681
      33.8   0.169451
      34.2   0.193935
      34.6   0.220161
        35   0.247998
      35.4   0.277283
      35.8   0.307828
      36.2    0.33942
      36.6   0.371834
        37   0.404831
      37.4   0.438166
      37.8   0.471596
      38.2   0.504883
      38.6   0.537798
        39   0.570128
      39.4   0.601677
      39.8   0.632269
      40.2   0.661754
      40.6   0.690002
        41   0.716911
      41.4   0.742401
      41.8   0.766416
      42.2   0.788923
      42.6    0.80991
        43   0.829383
      43.4   0.847365
      43.8   0.863892
      44.2   0.879015
      44.6   0.892791
        45   0.905288
      45.4   0.916578
      45.8   0.926737
      46.2   0.935843
      46.6   0.943973
        47   0.951207
      47.4   0.957621
      47.8   0.963287
      48.2   0.968277
      48.6   0.972656
        49   0.976488
      49.4   0.979831
      49.8   0.982738
      50.2    0.98526
      50.6   0.987441
        51   0.989321
      51.4   0.990939
      51.8   0.992328
      52.2   0.993516
      52.6   0.994531
        53   0.995396
      53.4   0.996131
      53.8   0.996754
      54.2   0.997282
      54.6   0.997727
        55   0.998103
      55.4   0.998419
      55.8   0.998684
      56.2   0.998907
      56.6   0.999093
        57   0.999249
      57.4   0.999378
      57.8   0.999486
      58.2   0.999576
      58.6   0.999651
        59   0.999712
      59.4   0.999763
      59.8   0.999806
      60.2   0.999841
      60.6   0.999869
        61   0.999893
      61.4   0.999913
      61.8   0.999929
      62.2   0.999942
      62.6   0.999952
        63   0.999961
      63.4   0.999968
      63.8   0.999974
      64.2   0.999979
      64.6   0.999983
        65   0.999986
      65.4   0.999989
      65.8   0.999991
      66.2   0.999993
      66.6   0.999994
        67   0.999995
      67.4   0.999996
      67.8   0.999997
      68.2   0.999997
      68.6   0.999998
        69   0.999998
      69.4   0.999999
      69.8   0.999999
      70.2   0.999999
      70.6   0.999999
        71   0.999999
      71.4          1
      71.8          1
      72.2          1
      72.6          1
        73          1
      73.4          1
      73.8          1
      74.2          1
      74.6          1
        75          1
      75.4          1
      75.8          1
      76.2          1
      76.6          1
        77          1
      77.4          1
      77.8          1
      78.2          1
      78.6          1
        79          1
      79.4          1
      79.8          1
      80.2          1
      80.6          1
        81          1
      81.4          1
      81.8          1
      82.2          1
      82.6          1
        83          1
      83.4          1
      83.8          1
      84.2          1
      84.6          1
        85          1
      85.4          1
      85.8          1
      86.2          1
      86.6          1
        87          1
      87.4          1
      87.8          1
      88.2          1
      88.6          1
        89          1
      89.4          1
      89.8          1
      90.2          1
      90.6          1
        91          1
      91.4          1
      91.8          1
      92.2          1
      92.6          1
        93          1
      93.4          1
      93.8          1
      94.2          1
      94.6          1
        95          1
      95.4          1
      95.8    1.00001
      96.2    1.00001
      96.6    1.00001
        97    1.00001
      97.4    1.00001
      97.8    1.00001
      98.2    1.00001
      98.6    1.00002
        99    1.00002
      99.4    1.00002
      99.8    1.00003
     100.2    1.00003
     100.6    1.00004
       101    1.00004
     101.4    1.00005
     101.8    1.00006
     102.2    1.00007
     102.6    1.00008
       103    1.00009
     103.4     1.0001
     103.8    1.00012
     104.2    1.00014
     104.6    1.00016
       105    1.00018
     105.4    1.00021
     105.8    1.00024
     106.2    1.00027
     106.6    1.00031
       107    1.00036
     107.4    1.00041
     107.8    1.00047
     108.2    1.00053
     108.6     1.0006
       109    1.00069
     109.4    1.00078
     109.8    1.00088
     110.2      1.001
     110.6    1.00113
       111    1.00128
     111.4    1.00144
     111.8    1.00163
     112.2    1.00183
     112.6    1.00206
       113    1.00232
     113.4     1.0026
     113.8    1.00292
     114.2    1.00327
     114.6    1.00366
       115    1.00409
     115.4    1.00457
     115.8     1.0051
     116.2    1.00569
     116.6    1.00633
       117    1.00705
     117.4    1.00783
     117.8    1.00869
     118.2    1.00964
     118.6    1.01069
       119    1.01183
     119.4    1.01309
     119.8    1.01446
     120.2    1.01597
     120.6    1.01761
       121    1.01941
     121.4    1.02137
     121.8    1.02351
     122.2    1.02584
     122.6    1.02837
       123    1.03113
     123.4    1.03412
     123.8    1.03737
     124.2     1.0409
     124.6    1.04472
       125    1.04886
     125.4    1.05334
     125.8    1.05818
     126.2     1.0634
     126.6    1.06904
       127    1.07512
     127.4    1.08168
     127.8    1.08873
     128.2    1.09631
     128.6    1.10447
       129    1.11322
     129.4    1.12262
     129.8     1.1327
     130.2    1.14349
     130.6    1.15505
       131    1.16741
     131.4    1.18063
     131.8    1.19475
     132.2    1.20982
     132.6    1.22589
       133    1.24303
     133.4    1.26127
     133.8    1.28069
     134.2    1.30134
     134.6    1.32329
       135     1.3466
     135.4    1.37134
     135.8    1.39757
     136.2    1.42537
     136.6    1.45481
       137    1.48597
     137.4    1.51893
     137.8    1.55376
     138.2    1.59055
     138.6    1.62938
       139    1.67033
     139.4     1.7135
     139.8    1.75898
     140.2    1.80686
     140.6    1.85723
       141    1.91019
     141.4    1.96583
     141.8    2.02426
     142.2    2.08558
     142.6    2.14989
       143    2.21729
     143.4    2.28789
     143.8     2.3618
     144.2    2.43912
     144.6    2.51997
       145    2.60445
     145.4    2.69269
     145.8    2.78477
     146.2    2.88083
     146.6    2.98098
       147    3.08532
     147.4    3.19398
     147.8    3.30706
     148.2    3.42468
     148.6    3.54696
       149      3.674
     149.4    3.80593
     149.8    3.94284
     150.2    4.08486
     150.6     4.2321
       151    4.38466
     151.4    4.54265
     151.8    4.70618
     152.2    4.87535
     152.6    5.05027
       153    5.23104
     153.4    5.41775
     153.8     5.6105
     154.2    5.80939
     154.6     6.0145
       155    6.22593
     155.4    6.44376
     155.8    6.66807
     156.2    6.89894
     156.6    7.13645
       157    7.38066
     157.4    7.63165
     157.8    7.88947
     158.2    8.15418
     158.6    8.42585
       159    8.70451
     159.4    8.99022
     159.8    9.28302
     160.2    9.58294
     160.6    9.89001
       161    10.2043
     161.4    10.5257
     161.8    10.8544
     162.2    11.1902
     162.6    11.5334
       163    11.8837
     163.4    12.2413
     163.8     12.606
     164.2     12.978
     164.6    13.3571
       165    13.7433
     165.4    14.1367
     165.8    14.5371
     166.2    14.9445
     166.6    15.3589
       167    15.7801
     167.4    16.2082
     167.8    16.6431
     168.2    17.0846
     168.6    17.5328
       169    17.9874
     169.4    18.4485
     169.8    18.9158
     170.2    19.3894
     170.6    19.8691
       171    20.3548
     171.4    20.8463
     171.8    21.3436
     172.2    21.8464
     172.6    22.3547
       173    22.8684
     173.4    23.3872
     173.8    23.9111
     174.2    24.4398
     174.6    24.9732
       175    25.5112
     175.4    26.0536
     175.8    26.6001
     176.2    27.1507
     176.6    27.7052
       177    28.2633
     177.4    28.8249
     177.8    29.3898
     178.2    29.9578
     178.6    30.5287
       179    31.1023
     179.4    31.6785
     179.8     32.257
     180.2    32.8376
     180.6    33.4201
       181    34.0043
     181.4    34.5901
     181.8    35.1771
     182.2    35.7652
     182.6    36.3543
       183     36.944
     183.4    37.5341
     183.8    38.1246
     184.2    38.7151
     184.6    39.3054
       185    39.8954
     185.4    40.4848
     185.8    41.0735
     186.2    41.6612
     186.6    42.2477
       187    42.8328
     187.4    43.4164
     187.8    43.9982
     188.2    44.5781
     188.6    45.1558
       189    45.7312
     189.4     46.304
     189.8    46.8741
     190.2    47.4413
     190.6    48.0055
       191    48.5664
     191.4    49.1238
     191.8    49.6777
     192.2    50.2279
     192.6    50.7741
       193    51.3162
     193.4    51.8541
     193.8    52.3876
     194.2    52.9166
     194.6     53.441
       195    53.9605
     195.4    54.4751
     195.8    54.9846
     196.2    55.4889
     196.6    55.9879
       197    56.4814
     197.4    56.9694
     197.8    57.4518
     198.2    57.9284
     198.6    58.3991
       199    58.8639
     199.4    59.3226
     199.8    59.7752
