       0.2 3.16637e-62
       0.6 7.16289e-59
         1 6.06636e-56
       1.4 2.67446e-53
       1.8 7.1959e-51
       2.2 1.29948e-48
       2.6 1.67846e-46
         3 1.62315e-44
       3.4 1.21646e-42
       3.8 7.25866e-41
       4.2 3.5245e-39
       4.6 1.4178e-37
         5 4.79688e-36
       5.4 1.38267e-34
       5.8 3.4334e-33
       6.2 7.41662e-32
       6.6 1.40572e-30
         7 2.35577e-29
       7.4 3.5148e-28
       7.8 4.69797e-27
       8.2 5.6575e-26
       8.6 6.17023e-25
         9 6.12375e-24
       9.4 5.55511e-23
       9.8 4.62497e-22
      10.2 3.54753e-21
      10.6 2.51591e-20
        11 1.65529e-19
      11.4 1.01351e-18
      11.8 5.79229e-18
      12.2 3.09854e-17
      12.6 1.55561e-16
        13 7.34817e-16
      13.4 3.27362e-15
      13.8 1.37859e-14
      14.2 5.49978e-14
      14.6 2.08283e-13
        15 7.50269e-13
      15.4 2.57546e-12
      15.8 8.44019e-12
      16.2 2.64519e-11
      16.6 7.9412e-11
        17 2.28734e-10
      17.4 6.33064e-10
      17.8 1.68606e-09
      18.2 4.32726e-09
      18.6 1.07165e-08
        19 2.56419e-08
      19.4 5.93535e-08
      19.8 1.33064e-07
      20.2 2.89262e-07
      20.6 6.10403e-07
        21 1.2517e-06
      21.4 2.4968e-06
      21.8 4.84952e-06
      22.2 9.18028e-06
      22.6 1.69532e-05
        23 3.05684e-05
      23.4 5.38622e-05
      23.8 9.28205e-05
      24.2 0.000156565
      24.6 0.000258685
        25 0.000418977
      25.4 0.000665675
      25.8 0.00103821
      26.2 0.00159054
      26.6 0.00239511
        27 0.00354724
      27.4 0.00517016
      27.8  0.0074202
      28.2  0.0104923
      28.6  0.0146252
        29  0.0201067
      29.4  0.0272775
      29.8   0.036535
      30.2  0.0483349
      30.6  0.0631917
        31  0.0816774
      31.4   0.104418
      31.8   0.132087
      32.2   0.165399
      32.6   0.205101
        33    0.25196
      33.4    0.30675
      33.8   0.370239
      34.2   0.443176
      34.6   0.526277
        35   0.620211
      35.4   0.725587
      35.8   0.842943
      36.2   0.972736
      36.6    1.11534
        37    1.27103
      37.4    1.43998
      37.8    1.62228
      38.2    1.81792
      38.6    2.02678
        39    2.24868
      39.4    2.48334
      39.8    2.73041
      40.2    2.98948
      40.6    3.26006
        41    3.54166
      41.4    3.83372
      41.8    4.13565
      42.2    4.44687
      42.6    4.76676
        43    5.09473
      43.4    5.43017
      43.8     5.7725
      44.2    6.12114
      44.6    6.47554
        45    6.83519
      45.4    7.19958
      45.8    7.56826
      46.2    7.94078
      46.6    8.31674
        47    8.69577
      47.4    9.07753
      47.8    9.46169
      48.2    9.84799
      48.6    10.2362
        49     10.626
      49.4    11.0172
      49.8    11.4097
      50.2    11.8033
      50.6    12.1978
        51    12.5931
      51.4    12.9892
      51.8    13.3858
      52.2     13.783
      52.6    14.1806
        53    14.5785
      53.4    14.9768
      53.8    15.3754
      54.2    15.7742
      54.6    16.1732
        55    16.5724
      55.4    16.9717
      55.8    17.3711
      56.2    17.7706
      56.6    18.1702
        57    18.5698
      57.4    18.9696
      57.8    19.3693
      58.2    19.7691
      58.6     20.169
        59    20.5689
      59.4    20.9687
      59.8    21.3687
      60.2    21.7686
      60.6    22.1685
        61    22.5685
      61.4    22.9684
      61.8    23.3684
      62.2    23.7684
      62.6    24.1684
        63    24.5683
      63.4    24.9683
      63.8    25.3683
      64.2    25.7683
      64.6    26.1683
        65    26.5683
      65.4    26.9683
      65.8    27.3683
      66.2    27.7683
      66.6    28.1683
        67    28.5683
      67.4    28.9683
      67.8    29.3683
      68.2    29.7683
      68.6    30.1683
        69    30.5683
      69.4    30.9683
      69.8    31.3683
      70.2    31.7683
      70.6    32.1683
        71    32.5683
      71.4    32.9683
      71.8    33.3683
      72.2    33.7683
      72.6    34.1683
        73    34.5683
      73.4    34.9683
      73.8    35.3683
      74.2    35.7683
      74.6    36.1683
        75    36.5683
      75.4    36.9683
      75.8    37.3683
      76.2    37.7683
      76.6    38.1683
        77    38.5683
      77.4    38.9683
      77.8    39.3683
      78.2    39.7683
      78.6    40.1683
        79    40.5683
      79.4    40.9683
      79.8    41.3683
      80.2    41.7683
      80.6    42.1683
        81    42.5683
      81.4    42.9683
      81.8    43.3683
      82.2    43.7683
      82.6    44.1683
        83    44.5683
      83.4    44.9683
      83.8    45.3683
      84.2    45.7683
      84.6    46.1683
        85    46.5683
      85.4    46.9683
      85.8    47.3683
      86.2    47.7683
      86.6    48.1683
        87    48.5683
      87.4    48.9683
      87.8    49.3683
      88.2    49.7683
      88.6    50.1683
        89    50.5683
      89.4    50.9683
      89.8    51.3683
      90.2    51.7683
      90.6    52.1683
        91    52.5683
      91.4    52.9683
      91.8    53.3683
      92.2    53.7683
      92.6    54.1683
        93    54.5683
      93.4    54.9683
      93.8    55.3683
      94.2    55.7683
      94.6    56.1683
        95    56.5683
      95.4    56.9683
      95.8    57.3683
      96.2    57.7683
      96.6    58.1683
        97    58.5683
      97.4    58.9683
      97.8    59.3683
      98.2    59.7683
      98.6    60.1683
        99    60.5683
      99.4    60.9683
      99.8    61.3683
     100.2    61.7683
     100.6    62.1684
       101    62.5684
     101.4    62.9684
     101.8    63.3684
     102.2    63.7684
     102.6    64.1685
       103    64.5685
     103.4    64.9686
     103.8    65.3686
     104.2    65.7687
     104.6    66.1687
       105    66.5688
     105.4    66.9689
     105.8     67.369
     106.2    67.7691
     106.6    68.1692
       107    68.5693
     107.4    68.9695
     107.8    69.3697
     108.2    69.7699
     108.6    70.1701
       109    70.5704
     109.4    70.9707
     109.8    71.3711
     110.2    71.7715
     110.6    72.1719
       111    72.5724
     111.4     72.973
     111.8    73.3736
     112.2    73.7744
     112.6    74.1752
       113    74.5761
     113.4    74.9771
     113.8    75.3783
     114.2    75.7796
     114.6     76.181
       115    76.5827
     115.4    76.9845
     115.8    77.3865
     116.2    77.7887
     116.6    78.1913
       117     78.594
     117.4    78.9971
     117.8    79.4006
     118.2    79.8044
     118.6    80.2086
       119    80.6133
     119.4    81.0185
     119.8    81.4242
     120.2    81.8306
     120.6    82.2375
       121    82.6452
     121.4    83.0537
     121.8     83.463
     122.2    83.8732
     122.6    84.2845
       123    84.6968
     123.4    85.1103
     123.8    85.5251
     124.2    85.9413
     124.6    86.3591
       125    86.7784
     125.4    87.1995
     125.8    87.6226
     126.2    88.0477
     126.6    88.4751
       127    88.9048
     127.4    89.3372
     127.8    89.7723
     128.2    90.2105
     128.6    90.6519
       129    91.0967
     129.4    91.5453
     129.8    91.9978
     130.2    92.4547
     130.6    92.9161
       131    93.3824
     131.4     93.854
     131.8    94.3311
     132.2    94.8143
     132.6    95.3037
       133       95.8
     133.4    96.3035
     133.8    96.8147
     134.2    97.3341
     134.6    97.8622
       135    98.3995
     135.4    98.9466
     135.8    99.5041
     136.2    100.073
     136.6    100.653
       137    101.245
     137.4    101.851
     137.8     102.47
     138.2    103.104
     138.6    103.754
       139    104.419
     139.4    105.102
     139.8    105.803
     140.2    106.522
     140.6    107.262
       141    108.022
     141.4    108.805
     141.8    109.611
     142.2    110.441
     142.6    111.297
       143    112.179
     143.4    113.089
     143.8    114.029
     144.2    114.999
     144.6    116.001
       145    117.037
     145.4    118.108
     145.8    119.215
     146.2    120.361
     146.6    121.546
       147    122.772
     147.4    124.041
     147.8    125.356
     148.2    126.717
     148.6    128.126
       149    129.586
     149.4    131.098
     149.8    132.664
     150.2    134.287
     150.6    135.968
       151     137.71
     151.4    139.514
     151.8    141.383
     152.2    143.319
     152.6    145.325
       153    147.402
     153.4    149.553
     153.8    151.781
     154.2    154.088
     154.6    156.476
       155    158.948
     155.4    161.506
     155.8    164.153
     156.2    166.892
     156.6    169.725
       157    172.655
     157.4    175.685
     157.8    178.817
     158.2    182.054
     158.6    185.399
       159    188.855
     159.4    192.423
     159.8    196.109
     160.2    199.913
     160.6    203.839
       161     207.89
     161.4    212.068
     161.8    216.377
     162.2     220.82
     162.6    225.398
       163    230.116
     163.4    234.976
     163.8     239.98
     164.2    245.133
     164.6    250.436
       165    255.892
     165.4    261.505
     165.8    267.277
     166.2    273.211
     166.6    279.309
       167    285.575
     167.4    292.011
     167.8    298.619
     168.2    305.404
     168.6    312.366
       169    319.509
     169.4    326.836
     169.8    334.348
     170.2    342.049
     170.6     349.94
       171    358.025
     171.4    366.305
     171.8    374.782
     172.2     383.46
     172.6     392.34
       173    401.425
     173.4    410.716
     173.8    420.215
     174.2    429.925
     174.6    439.847
       175    449.983
     175.4    460.335
     175.8    470.905
     176.2    481.694
     176.6    492.704
       177    503.935
     177.4    515.391
     177.8    527.072
     178.2    538.978
     178.6    551.113
       179    563.476
     179.4    576.068
     179.8    588.891
     180.2    601.945
     180.6    615.232
       181    628.751
     181.4    642.504
     181.8    656.491
     182.2    670.712
     182.6    685.168
       183     699.86
     183.4    714.787
     183.8    729.949
     184.2    745.347
     184.6    760.981
       185     776.85
     185.4    792.954
     185.8    809.293
     186.2    825.867
     186.6    842.675
       187    859.716
     187.4    876.991
     187.8    894.498
     188.2    912.236
     188.6    930.206
       189    948.405
     189.4    966.833
     189.8    985.489
     190.2    1004.37
     190.6    1023.48
       191    1042.81
     191.4    1062.37
     191.8    1082.14
     192.2    1102.14
     192.6    1122.36
       193    1142.79
     193.4    1163.44
     193.8     1184.3
     194.2    1205.37
     194.6    1226.65
       195    1248.14
     195.4    1269.84
     195.8    1291.74
     196.2    1313.84
     196.6    1336.14
       197    1358.65
     197.4    1381.34
     197.8    1404.23
     198.2    1427.31
     198.6    1450.58
       199    1474.03
     199.4    1497.67
     199.8    1521.49
