       0.2 7.64987e-76
       0.6 1.12121e-72
         1 8.59604e-70
       1.4 4.04002e-67
       1.8 1.27987e-64
       2.2 2.91206e-62
       2.6 4.98024e-60
         3 6.62546e-58
       3.4 7.04273e-56
       3.8 6.11203e-54
       4.2 4.40801e-52
       4.6 2.68137e-50
         5 1.39316e-48
       5.4 6.25015e-47
       5.8 2.44417e-45
       6.2 8.40099e-44
       6.6 2.55674e-42
         7 6.93516e-41
       7.4 1.68658e-39
       7.8 3.69707e-38
       8.2 7.34043e-37
       8.6 1.32594e-35
         9 2.18794e-34
       9.4 3.31043e-33
       9.8 4.60866e-32
      10.2 5.92248e-31
      10.6 7.04644e-30
        11 7.7837e-29
      11.4 8.0036e-28
      11.8 7.67946e-27
      12.2 6.8916e-26
      12.6 5.79689e-25
        13 4.57976e-24
      13.4 3.40487e-23
      13.8 2.38652e-22
      14.2 1.57974e-21
      14.6 9.89193e-21
        15 5.86853e-20
      15.4 3.30353e-19
      15.8 1.76703e-18
      16.2 8.99331e-18
      16.6 4.3608e-17
        17 2.01707e-16
      17.4 8.91055e-16
      17.8 3.76365e-15
      18.2 1.52164e-14
      18.6 5.89475e-14
        19 2.19035e-13
      19.4 7.81406e-13
      19.8 2.67894e-12
      20.2 8.83416e-12
      20.6 2.80455e-11
        21 8.57873e-11
      21.4 2.53047e-10
      21.8 7.20344e-10
      22.2 1.98049e-09
      22.6 5.26291e-09
        23 1.35273e-08
      23.4 3.3654e-08
      23.8 8.10959e-08
      24.2 1.89405e-07
      24.6 4.29038e-07
        25 9.43175e-07
      25.4 2.01351e-06
      25.8 4.17681e-06
      26.2 8.42421e-06
      26.6 1.65297e-05
        27 3.15725e-05
      27.4 5.87365e-05
      27.8 0.000106491
      28.2 0.000188264
      28.6 0.000324724
        29 0.000546758
      29.4 0.000899187
      29.8 0.00144516
      30.2 0.00227108
      30.6 0.00349166
        31 0.00525479
      31.4 0.00774526
      31.8  0.0111869
      32.2  0.0158423
      32.6  0.0220087
        33  0.0300107
      33.4  0.0401888
      33.8  0.0528834
      34.2  0.0684167
      34.6  0.0870714
        35    0.10907
      35.4   0.134553
      35.8   0.163566
      36.2   0.196042
      36.6     0.2318
        37   0.270544
      37.4   0.311872
      37.8   0.355291
      38.2   0.400235
      38.6   0.446092
        39   0.492232
      39.4   0.538029
      39.8   0.582888
      40.2   0.626271
      40.6   0.667706
        41   0.706806
      41.4   0.743275
      41.8   0.776905
      42.2    0.80758
      42.6   0.835262
        43   0.859987
      43.4   0.881853
      43.8   0.901005
      44.2   0.917623
      44.6   0.931914
        45   0.944096
      45.4   0.954394
      45.8   0.963028
      46.2   0.970211
      46.6   0.976141
        47   0.981001
      47.4   0.984956
      47.8   0.988153
      48.2    0.99072
      48.6   0.992768
        49   0.994392
      49.4   0.995672
      49.8   0.996676
      50.2   0.997458
      50.6   0.998065
        51   0.998533
      51.4   0.998893
      51.8   0.999167
      52.2   0.999376
      52.6   0.999534
        53   0.999654
      53.4   0.999743
      53.8    0.99981
      54.2    0.99986
      54.6   0.999897
        55   0.999925
      55.4   0.999945
      55.8    0.99996
      56.2   0.999971
      56.6   0.999979
        57   0.999985
      57.4   0.999989
      57.8   0.999992
      58.2   0.999994
      58.6   0.999996
        59   0.999997
      59.4   0.999998
      59.8   0.999999
      60.2   0.999999
      60.6   0.999999
        61   0.999999
      61.4          1
      61.8          1
      62.2          1
      62.6          1
        63          1
      63.4          1
      63.8          1
      64.2          1
      64.6          1
        65          1
      65.4          1
      65.8          1
      66.2          1
      66.6          1
        67          1
      67.4          1
      67.8          1
      68.2          1
      68.6          1
        69          1
      69.4          1
      69.8          1
      70.2          1
      70.6          1
        71          1
      71.4          1
      71.8          1
      72.2          1
      72.6          1
        73          1
      73.4          1
      73.8          1
      74.2          1
      74.6          1
        75          1
      75.4          1
      75.8          1
      76.2          1
      76.6          1
        77          1
      77.4          1
      77.8          1
      78.2          1
      78.6          1
        79          1
      79.4          1
      79.8          1
      80.2          1
      80.6          1
        81          1
      81.4          1
      81.8          1
      82.2          1
      82.6          1
        83          1
      83.4          1
      83.8          1
      84.2          1
      84.6          1
        85          1
      85.4          1
      85.8          1
      86.2          1
      86.6          1
        87          1
      87.4          1
      87.8          1
      88.2          1
      88.6          1
        89          1
      89.4          1
      89.8          1
      90.2          1
      90.6          1
        91          1
      91.4          1
      91.8          1
      92.2          1
      92.6          1
        93          1
      93.4          1
      93.8          1
      94.2          1
      94.6          1
        95          1
      95.4          1
      95.8          1
      96.2          1
      96.6          1
        97          1
      97.4          1
      97.8          1
      98.2          1
      98.6          1
        99          1
      99.4          1
      99.8          1
     100.2          1
     100.6          1
       101          1
     101.4          1
     101.8          1
     102.2          1
     102.6          1
       103          1
     103.4          1
     103.8          1
     104.2          1
     104.6          1
       105          1
     105.4          1
     105.8          1
     106.2          1
     106.6          1
       107          1
     107.4          1
     107.8          1
     108.2          1
     108.6          1
       109          1
     109.4          1
     109.8          1
     110.2          1
     110.6          1
       111          1
     111.4          1
     111.8          1
     112.2          1
     112.6          1
       113          1
     113.4          1
     113.8          1
     114.2          1
     114.6          1
       115          1
     115.4          1
     115.8          1
     116.2          1
     116.6          1
       117          1
     117.4          1
     117.8          1
     118.2          1
     118.6          1
       119          1
     119.4    1.00001
     119.8    1.00001
     120.2    1.00001
     120.6    1.00001
       121    1.00001
     121.4    1.00001
     121.8    1.00002
     122.2    1.00002
     122.6    1.00002
       123    1.00003
     123.4    1.00003
     123.8    1.00004
     124.2    1.00005
     124.6    1.00006
       125    1.00007
     125.4    1.00008
     125.8    1.00009
     126.2    1.00011
     126.6    1.00013
       127    1.00015
     127.4    1.00017
     127.8     1.0002
     128.2    1.00024
     128.6    1.00028
       129    1.00032
     129.4    1.00038
     129.8    1.00044
     130.2    1.00051
     130.6    1.00059
       131    1.00068
     131.4    1.00079
     131.8    1.00091
     132.2    1.00105
     132.6    1.00121
       133    1.00139
     133.4     1.0016
     133.8    1.00184
     134.2     1.0021
     134.6    1.00241
       135    1.00275
     135.4    1.00314
     135.8    1.00358
     136.2    1.00408
     136.6    1.00464
       137    1.00527
     137.4    1.00599
     137.8    1.00679
     138.2    1.00768
     138.6    1.00869
       139    1.00982
     139.4    1.01108
     139.8    1.01249
     140.2    1.01406
     140.6    1.01582
       141    1.01777
     141.4    1.01994
     141.8    1.02235
     142.2    1.02503
     142.6    1.02799
       143    1.03128
     143.4    1.03491
     143.8    1.03893
     144.2    1.04335
     144.6    1.04824
       145    1.05361
     145.4    1.05952
     145.8    1.06602
     146.2    1.07315
     146.6    1.08097
       147    1.08953
     147.4     1.0989
     147.8    1.10914
     148.2    1.12032
     148.6    1.13251
       149    1.14579
     149.4    1.16025
     149.8    1.17598
     150.2    1.19305
     150.6    1.21158
       151    1.23167
     151.4    1.25343
     151.8    1.27696
     152.2     1.3024
     152.6    1.32987
       153     1.3595
     153.4    1.39142
     153.8     1.4258
     154.2    1.46277
     154.6     1.5025
       155    1.54514
     155.4    1.59088
     155.8    1.63989
     156.2    1.69235
     156.6    1.74846
       157    1.80841
     157.4     1.8724
     157.8    1.94065
     158.2    2.01338
     158.6    2.09079
       159    2.17314
     159.4    2.26064
     159.8    2.35353
     160.2    2.45207
     160.6    2.55651
       161    2.66709
     161.4    2.78408
     161.8    2.90773
     162.2    3.03832
     162.6    3.17612
       163     3.3214
     163.4    3.47442
     163.8    3.63548
     164.2    3.80484
     164.6    3.98279
       165     4.1696
     165.4    4.36555
     165.8    4.57091
     166.2    4.78597
     166.6    5.01099
       167    5.24624
     167.4    5.49199
     167.8    5.74849
     168.2      6.016
     168.6    6.29477
       169    6.58504
     169.4    6.88705
     169.8    7.20102
     170.2    7.52716
     170.6    7.86569
       171    8.21679
     171.4    8.58066
     171.8    8.95747
     172.2    9.34737
     172.6    9.75052
       173     10.167
     173.4     10.597
     173.8    11.0406
     174.2    11.4979
     174.6     11.969
       175    12.4538
     175.4    12.9525
     175.8     13.465
     176.2    13.9913
     176.6    14.5315
       177    15.0855
     177.4    15.6532
     177.8    16.2346
     178.2    16.8295
     178.6    17.4378
       179    18.0594
     179.4    18.6941
     179.8    19.3418
     180.2    20.0023
     180.6    20.6752
       181    21.3604
     181.4    22.0577
     181.8    22.7667
     182.2    23.4871
     182.6    24.2186
       183     24.961
     183.4    25.7137
     183.8    26.4765
     184.2     27.249
     184.6    28.0307
       185    28.8213
     185.4    29.6203
     185.8    30.4272
     186.2    31.2416
     186.6     32.063
       187    32.8909
     187.4    33.7248
     187.8    34.5643
     188.2    35.4087
     188.6    36.2576
       189    37.1104
     189.4    37.9666
     189.8    38.8257
     190.2     39.687
     190.6      40.55
       191    41.4143
     191.4    42.2791
     191.8     43.144
     192.2    44.0083
     192.6    44.8716
       193    45.7333
     193.4    46.5928
     193.8    47.4496
     194.2    48.3031
     194.6    49.1528
       195    49.9982
     195.4    50.8387
     195.8    51.6739
     196.2    52.5031
     196.6     53.326
       197    54.1421
     197.4    54.9508
     197.8    55.7518
     198.2    56.5445
     198.6    57.3286
       199    58.1035
     199.4     58.869
     199.8    59.6247
