       0.2 2.73313e-79
       0.6 1.05834e-75
         1 1.54143e-72
       1.4 1.17398e-69
       1.8 5.48085e-67
       2.2 1.72469e-64
       2.6 3.89766e-62
         3 6.62051e-60
       3.4 8.74733e-58
       3.8 9.23422e-56
       4.2 7.95844e-54
       4.6 5.69974e-52
         5 3.44291e-50
       5.4 1.7763e-48
       5.8 7.9131e-47
       6.2 3.07271e-45
       6.6 1.04871e-43
         7 3.16917e-42
       7.4 8.53597e-41
       7.8 2.06134e-39
       8.2 4.48704e-38
       8.6 8.84704e-37
         9 1.58707e-35
       9.4 2.60091e-34
       9.8 3.90859e-33
      10.2 5.40493e-32
      10.6 6.89981e-31
        11 8.15578e-30
      11.4 8.95142e-29
      11.8 9.14652e-28
      12.2 8.72217e-27
      12.6 7.78044e-26
        13 6.50638e-25
      13.4 5.11123e-24
      13.8 3.77925e-23
      14.2  2.635e-22
      14.6 1.73545e-21
        15 1.08148e-20
      15.4 6.38689e-20
      15.8 3.57996e-19
      16.2 1.90726e-18
      16.6 9.67125e-18
        17 4.67376e-17
      17.4 2.1553e-16
      17.8 9.49578e-16
      18.2 4.00165e-15
      18.6 1.61479e-14
        19 6.2464e-14
      19.4 2.31859e-13
      19.8 8.2667e-13
      20.2 2.83381e-12
      20.6 9.34853e-12
        21 2.97056e-11
      21.4 9.09979e-11
      21.8 2.68961e-10
      22.2 7.67655e-10
      22.6 2.11741e-09
        23 5.64862e-09
      23.4 1.45849e-08
      23.8 3.64757e-08
      24.2 8.84212e-08
      24.6 2.07904e-07
        25 4.74483e-07
      25.4 1.05177e-06
      25.8 2.26593e-06
      26.2 4.74766e-06
      26.6 9.68043e-06
        27 1.92205e-05
      27.4 3.71839e-05
      27.8 7.01347e-05
      28.2 0.00012905
      28.6 0.000231787
        29 0.000406616
      29.4 0.000697104
      29.8 0.00116864
      30.2 0.00191684
      30.6 0.00307797
        31 0.00484133
      31.4 0.00746335
      31.8  0.0112829
      32.2  0.0167368
      32.6  0.0243744
        33  0.0348701
      33.4  0.0490315
      33.8  0.0678023
      34.2  0.0922584
      34.6   0.123596
        35    0.16311
      35.4   0.212168
      35.8   0.272172
      36.2   0.344516
      36.6   0.430546
        37   0.531507
      37.4   0.648504
      37.8   0.782462
      38.2   0.934093
      38.6    1.10387
        39    1.29203
      39.4    1.49855
      39.8    1.72316
      40.2    1.96537
      40.6     2.2245
        41    2.49968
      41.4    2.78993
      41.8    3.09415
      42.2    3.41118
      42.6    3.73984
        43    4.07895
      43.4    4.42734
      43.8    4.78391
      44.2    5.14762
      44.6    5.51749
        45    5.89265
      45.4    6.27229
      45.8    6.65572
      46.2    7.04231
      46.6    7.43153
        47     7.8229
      47.4    8.21604
      47.8    8.61062
      48.2    9.00636
      48.6    9.40302
        49    9.80042
      49.4    10.1984
      49.8    10.5969
      50.2    10.9957
      50.6    11.3947
        51    11.7941
      51.4    12.1935
      51.8    12.5931
      52.2    12.9928
      52.6    13.3926
        53    13.7924
      53.4    14.1923
      53.8    14.5922
      54.2    14.9922
      54.6    15.3921
        55    15.7921
      55.4     16.192
      55.8     16.592
      56.2     16.992
      56.6     17.392
        57     17.792
      57.4     18.192
      57.8     18.592
      58.2     18.992
      58.6     19.392
        59     19.792
      59.4     20.192
      59.8     20.592
      60.2     20.992
      60.6     21.392
        61     21.792
      61.4     22.192
      61.8     22.592
      62.2     22.992
      62.6     23.392
        63     23.792
      63.4     24.192
      63.8     24.592
      64.2     24.992
      64.6     25.392
        65     25.792
      65.4     26.192
      65.8     26.592
      66.2     26.992
      66.6     27.392
        67     27.792
      67.4     28.192
      67.8     28.592
      68.2     28.992
      68.6     29.392
        69     29.792
      69.4     30.192
      69.8     30.592
      70.2     30.992
      70.6     31.392
        71     31.792
      71.4     32.192
      71.8     32.592
      72.2     32.992
      72.6     33.392
        73     33.792
      73.4     34.192
      73.8     34.592
      74.2     34.992
      74.6     35.392
        75     35.792
      75.4     36.192
      75.8     36.592
      76.2     36.992
      76.6     37.392
        77     37.792
      77.4     38.192
      77.8     38.592
      78.2     38.992
      78.6     39.392
        79     39.792
      79.4     40.192
      79.8     40.592
      80.2     40.992
      80.6     41.392
        81     41.792
      81.4     42.192
      81.8     42.592
      82.2     42.992
      82.6     43.392
        83     43.792
      83.4     44.192
      83.8     44.592
      84.2     44.992
      84.6     45.392
        85     45.792
      85.4     46.192
      85.8     46.592
      86.2     46.992
      86.6     47.392
        87     47.792
      87.4     48.192
      87.8     48.592
      88.2     48.992
      88.6     49.392
        89     49.792
      89.4     50.192
      89.8     50.592
      90.2     50.992
      90.6     51.392
        91     51.792
      91.4     52.192
      91.8     52.592
      92.2     52.992
      92.6     53.392
        93     53.792
      93.4     54.192
      93.8     54.592
      94.2     54.992
      94.6     55.392
        95     55.792
      95.4     56.192
      95.8     56.592
      96.2     56.992
      96.6     57.392
        97     57.792
      97.4     58.192
      97.8     58.592
      98.2     58.992
      98.6     59.392
        99     59.792
      99.4     60.192
      99.8     60.592
     100.2     60.992
     100.6     61.392
       101     61.792
     101.4     62.192
     101.8     62.592
     102.2     62.992
     102.6     63.392
       103     63.792
     103.4     64.192
     103.8     64.592
     104.2     64.992
     104.6     65.392
       105     65.792
     105.4     66.192
     105.8     66.592
     106.2     66.992
     106.6     67.392
       107     67.792
     107.4     68.192
     107.8     68.592
     108.2     68.992
     108.6     69.392
       109     69.792
     109.4     70.192
     109.8     70.592
     110.2     70.992
     110.6     71.392
       111     71.792
     111.4     72.192
     111.8     72.592
     112.2     72.992
     112.6     73.392
       113     73.792
     113.4     74.192
     113.8     74.592
     114.2     74.992
     114.6     75.392
       115     75.792
     115.4     76.192
     115.8     76.592
     116.2     76.992
     116.6     77.392
       117     77.792
     117.4     78.192
     117.8     78.592
     118.2     78.992
     118.6     79.392
       119     79.792
     119.4     80.192
     119.8     80.592
     120.2     80.992
     120.6     81.392
       121     81.792
     121.4     82.192
     121.8     82.592
     122.2     82.992
     122.6     83.392
       123     83.792
     123.4    84.1921
     123.8    84.5921
     124.2    84.9921
     124.6    85.3921
       125    85.7921
     125.4    86.1922
     125.8    86.5922
     126.2    86.9923
     126.6    87.3923
       127    87.7924
     127.4    88.1925
     127.8    88.5925
     128.2    88.9926
     128.6    89.3927
       129    89.7929
     129.4     90.193
     129.8    90.5932
     130.2    90.9934
     130.6    91.3937
       131     91.794
     131.4    92.1943
     131.8    92.5947
     132.2    92.9951
     132.6    93.3956
       133    93.7962
     133.4    94.1968
     133.8    94.5976
     134.2    94.9984
     134.6    95.3994
       135    95.8005
     135.4    96.2018
     135.8    96.6033
     136.2    97.0049
     136.6    97.4068
       137     97.809
     137.4    98.2114
     137.8    98.6142
     138.2    99.0173
     138.6    99.4209
       139    99.8249
     139.4    100.229
     139.8    100.634
     140.2     101.04
     140.6    101.447
       141    101.854
     141.4    102.262
     141.8    102.671
     142.2    103.081
     142.6    103.492
       143    103.905
     143.4    104.319
     143.8    104.735
     144.2    105.153
     144.6    105.572
       145    105.994
     145.4    106.418
     145.8    106.845
     146.2    107.274
     146.6    107.707
       147    108.143
     147.4    108.583
     147.8    109.027
     148.2    109.475
     148.6    109.929
       149    110.387
     149.4    110.852
     149.8    111.323
     150.2      111.8
     150.6    112.286
       151    112.779
     151.4    113.281
     151.8    113.792
     152.2    114.313
     152.6    114.846
       153     115.39
     153.4    115.947
     153.8    116.518
     154.2    117.104
     154.6    117.705
       155    118.324
     155.4     118.96
     155.8    119.617
     156.2    120.294
     156.6    120.994
       157    121.717
     157.4    122.466
     157.8    123.243
     158.2    124.048
     158.6    124.884
       159    125.753
     159.4    126.657
     159.8    127.598
     160.2    128.578
     160.6    129.599
       161    130.665
     161.4    131.777
     161.8    132.938
     162.2    134.152
     162.6     135.42
       163    136.746
     163.4    138.132
     163.8    139.583
     164.2    141.101
     164.6     142.69
       165    144.353
     165.4    146.093
     165.8    147.916
     166.2    149.823
     166.6     151.82
       167    153.911
     167.4    156.099
     167.8    158.389
     168.2    160.785
     168.6    163.291
       169    165.913
     169.4    168.655
     169.8    171.521
     170.2    174.516
     170.6    177.646
       171    180.915
     171.4    184.328
     171.8    187.891
     172.2    191.608
     172.6    195.486
       173    199.528
     173.4    203.741
     173.8     208.13
     174.2      212.7
     174.6    217.456
       175    222.405
     175.4    227.552
     175.8    232.901
     176.2     238.46
     176.6    244.232
       177    250.224
     177.4    256.441
     177.8    262.889
     178.2    269.572
     178.6    276.497
       179    283.668
     179.4     291.09
     179.8     298.77
     180.2    306.711
     180.6    314.919
       181    323.398
     181.4    332.155
     181.8    341.192
     182.2    350.515
     182.6    360.128
       183    370.036
     183.4    380.242
     183.8     390.75
     184.2    401.566
     184.6    412.691
       185     424.13
     185.4    435.886
     185.8    447.963
     186.2    460.362
     186.6    473.088
       187    486.143
     187.4    499.528
     187.8    513.247
     188.2    527.302
     188.6    541.694
       189    556.424
     189.4    571.495
     189.8    586.907
     190.2    602.662
     190.6     618.76
       191    635.201
     191.4    651.987
     191.8    669.116
     192.2     686.59
     192.6    704.407
       193    722.567
     193.4    741.069
     193.8    759.913
     194.2    779.096
     194.6    798.618
       195    818.477
     195.4    838.671
     195.8    859.198
     196.2    880.056
     196.6    901.241
       197    922.753
     197.4    944.587
     197.8    966.742
     198.2    989.212
     198.6       1012
       199    1035.09
     199.4    1058.49
     199.8    1082.19
