       0.2 5.67718e-66
       0.6 6.18398e-63
         1 3.51495e-60
       1.4 1.22173e-57
       1.8 2.85553e-55
       2.2 4.78231e-53
       2.6 6.00658e-51
         3 5.85582e-49
       3.4 4.55199e-47
       3.8 2.88316e-45
       4.2 1.51469e-43
       4.6 6.69969e-42
         5 2.52686e-40
       5.4 8.21614e-39
       5.8 2.32524e-37
       6.2 5.77621e-36
       6.6 1.26895e-34
         7 2.4819e-33
       7.4 4.34799e-32
       7.8 6.86018e-31
       8.2 9.79709e-30
       8.6 1.27222e-28
         9 1.50857e-27
       9.4 1.63983e-26
       9.8 1.63996e-25
      10.2 1.51402e-24
      10.6 1.29438e-23
        11 1.02779e-22
      11.4 7.60087e-22
      11.8 5.24892e-21
      12.2 3.39309e-20
      12.6 2.05802e-19
        13 1.1738e-18
      13.4 6.30867e-18
      13.8 3.20145e-17
      14.2 1.5369e-16
      14.6 6.99237e-16
        15 3.02018e-15
      15.4 1.24048e-14
      15.8 4.85275e-14
      16.2 1.81086e-13
      16.6 6.45529e-13
        17 2.20136e-12
      17.4 7.19111e-12
      17.8 2.25318e-11
      18.2 6.78006e-11
      18.6 1.96171e-10
        19 5.46392e-10
      19.4 1.46667e-09
      19.8 3.79829e-09
      20.2 9.50017e-09
      20.6 2.29722e-08
        21 5.37566e-08
      21.4 1.21852e-07
      21.8 2.67796e-07
      22.2 5.71137e-07
      22.6 1.18309e-06
        23 2.38235e-06
      23.4 4.66723e-06
      23.8 8.90279e-06
      24.2 1.6548e-05
      24.6 2.99947e-05
        25 5.3057e-05
      25.4 9.16544e-05
      25.8 0.000154732
      26.2 0.000255456
      26.6 0.000412718
        27 0.000652939
      27.4 0.00101216
      27.8 0.00153833
      28.2 0.00229372
      28.6 0.00335718
        29 0.00482619
      29.4  0.0068183
      29.8 0.00947174
      30.2  0.0129449
      30.6  0.0174148
        31  0.0230733
      31.4   0.030123
      31.8  0.0387702
      32.2  0.0492182
      32.6   0.061658
        33  0.0762598
      33.4  0.0931637
      33.8   0.112471
      34.2   0.134239
      34.6    0.15847
        35   0.185113
      35.4   0.214061
      35.8   0.245151
      36.2   0.278167
      36.6   0.312846
        37   0.348888
      37.4   0.385963
      37.8   0.423722
      38.2   0.461805
      38.6   0.499856
        39   0.537529
      39.4   0.574499
      39.8   0.610469
      40.2   0.645175
      40.6   0.678392
        41   0.709935
      41.4   0.739662
      41.8   0.767472
      42.2   0.793302
      42.6   0.817128
        43   0.838958
      43.4   0.858829
      43.8   0.876803
      44.2   0.892962
      44.6   0.907402
        45   0.920234
      45.4   0.931571
      45.8   0.941535
      46.2   0.950246
      46.6   0.957823
        47   0.964381
      47.4   0.970031
      47.8   0.974874
      48.2   0.979009
      48.6   0.982523
        49   0.985498
      49.4   0.988005
      49.8    0.99011
      50.2    0.99187
      50.6   0.993337
        51   0.994555
      51.4   0.995563
      51.8   0.996395
      52.2   0.997078
      52.6   0.997638
        53   0.998095
      53.4   0.998468
      53.8    0.99877
      54.2   0.999015
      54.6   0.999213
        55   0.999373
      55.4   0.999501
      55.8   0.999604
      56.2   0.999686
      56.6   0.999752
        57   0.999804
      57.4   0.999846
      57.8   0.999879
      58.2   0.999905
      58.6   0.999925
        59   0.999941
      59.4   0.999954
      59.8   0.999964
      60.2   0.999972
      60.6   0.999978
        61   0.999983
      61.4   0.999987
      61.8    0.99999
      62.2   0.999992
      62.6   0.999994
        63   0.999995
      63.4   0.999996
      63.8   0.999997
      64.2   0.999998
      64.6   0.999998
        65   0.999999
      65.4   0.999999
      65.8   0.999999
      66.2   0.999999
      66.6          1
        67          1
      67.4          1
      67.8          1
      68.2          1
      68.6          1
        69          1
      69.4          1
      69.8          1
      70.2          1
      70.6          1
        71          1
      71.4          1
      71.8          1
      72.2          1
      72.6          1
        73          1
      73.4          1
      73.8          1
      74.2          1
      74.6          1
        75          1
      75.4          1
      75.8          1
      76.2          1
      76.6          1
        77          1
      77.4          1
      77.8          1
      78.2          1
      78.6          1
        79          1
      79.4          1
      79.8          1
      80.2          1
      80.6          1
        81          1
      81.4          1
      81.8          1
      82.2          1
      82.6          1
        83          1
      83.4          1
      83.8          1
      84.2          1
      84.6          1
        85          1
      85.4          1
      85.8          1
      86.2          1
      86.6          1
        87          1
      87.4          1
      87.8          1
      88.2          1
      88.6          1
        89          1
      89.4          1
      89.8          1
      90.2          1
      90.6          1
        91          1
      91.4          1
      91.8          1
      92.2          1
      92.6          1
        93          1
      93.4          1
      93.8          1
      94.2          1
      94.6          1
        95          1
      95.4          1
      95.8          1
      96.2          1
      96.6          1
        97          1
      97.4          1
      97.8          1
      98.2          1
      98.6          1
        99          1
      99.4          1
      99.8          1
     100.2          1
     100.6          1
       101          1
     101.4          1
     101.8          1
     102.2          1
     102.6          1
       103          1
     103.4          1
     103.8          1
     104.2          1
     104.6          1
       105          1
     105.4          1
     105.8          1
     106.2    1.00001
     106.6    1.00001
       107    1.00001
     107.4    1.00001
     107.8    1.00001
     108.2    1.00001
     108.6    1.00002
       109    1.00002
     109.4    1.00002
     109.8    1.00003
     110.2    1.00003
     110.6    1.00004
       111    1.00004
     111.4    1.00005
     111.8    1.00006
     112.2    1.00007
     112.6    1.00008
       113    1.00009
     113.4     1.0001
     113.8    1.00012
     114.2    1.00014
     114.6    1.00016
       115    1.00019
     115.4    1.00022
     115.8    1.00025
     116.2    1.00029
     116.6    1.00033
       117    1.00038
     117.4    1.00044
     117.8    1.00051
     118.2    1.00058
     118.6    1.00066
       119    1.00076
     119.4    1.00087
     119.8    1.00099
     120.2    1.00112
     120.6    1.00128
       121    1.00145
     121.4    1.00165
     121.8    1.00187
     122.2    1.00212
     122.6    1.00239
       123     1.0027
     123.4    1.00305
     123.8    1.00344
     124.2    1.00387
     124.6    1.00435
       125    1.00489
     125.4    1.00549
     125.8    1.00616
     126.2     1.0069
     126.6    1.00772
       127    1.00862
     127.4    1.00963
     127.8    1.01074
     128.2    1.01197
     128.6    1.01333
       129    1.01482
     129.4    1.01647
     129.8    1.01828
     130.2    1.02027
     130.6    1.02245
       131    1.02485
     131.4    1.02748
     131.8    1.03036
     132.2     1.0335
     132.6    1.03694
       133    1.04069
     133.4    1.04479
     133.8    1.04925
     134.2    1.05411
     134.6    1.05939
       135    1.06513
     135.4    1.07136
     135.8    1.07812
     136.2    1.08545
     136.6    1.09338
       137    1.10197
     137.4    1.11124
     137.8    1.12126
     138.2    1.13207
     138.6    1.14372
       139    1.15628
     139.4    1.16979
     139.8    1.18431
     140.2    1.19992
     140.6    1.21668
       141    1.23465
     141.4    1.25391
     141.8    1.27454
     142.2    1.29661
     142.6     1.3202
       143    1.34541
     143.4    1.37232
     143.8    1.40102
     144.2    1.43161
     144.6    1.46418
       145    1.49884
     145.4    1.53569
     145.8    1.57485
     146.2    1.61642
     146.6    1.66052
       147    1.70726
     147.4    1.75678
     147.8    1.80919
     148.2    1.86462
     148.6    1.92321
       149    1.98508
     149.4    2.05039
     149.8    2.11925
     150.2    2.19183
     150.6    2.26827
       151     2.3487
     151.4    2.43329
     151.8    2.52218
     152.2    2.61553
     152.6    2.71349
       153    2.81623
     153.4     2.9239
     153.8    3.03666
     154.2    3.15467
     154.6     3.2781
       155     3.4071
     155.4    3.54185
     155.8     3.6825
     156.2    3.82922
     156.6    3.98216
       157     4.1415
     157.4    4.30738
     157.8    4.47998
     158.2    4.65944
     158.6    4.84593
       159    5.03959
     159.4    5.24058
     159.8    5.44904
     160.2    5.66512
     160.6    5.88897
       161    6.12071
     161.4    6.36049
     161.8    6.60842
     162.2    6.86465
     162.6    7.12927
       163    7.40242
     163.4     7.6842
     163.8     7.9747
     164.2    8.27403
     164.6    8.58228
       165    8.89952
     165.4    9.22585
     165.8    9.56131
     166.2    9.90598
     166.6    10.2599
       167    10.6231
     167.4    10.9957
     167.8    11.3776
     168.2     11.769
     168.6    12.1697
       169    12.5798
     169.4    12.9994
     169.8    13.4283
     170.2    13.8665
     170.6    14.3141
       171    14.7709
     171.4     15.237
     171.8    15.7122
     172.2    16.1965
     172.6    16.6898
       173    17.1921
     173.4    17.7031
     173.8    18.2228
     174.2    18.7511
     174.6    19.2878
       175    19.8328
     175.4    20.3859
     175.8    20.9471
     176.2    21.5161
     176.6    22.0927
       177    22.6767
     177.4    23.2681
     177.8    23.8664
     178.2    24.4717
     178.6    25.0835
       179    25.7018
     179.4    26.3262
     179.8    26.9566
     180.2    27.5927
     180.6    28.2341
       181    28.8808
     181.4    29.5323
     181.8    30.1885
     182.2     30.849
     182.6    31.5136
       183     32.182
     183.4    32.8538
     183.8    33.5289
     184.2    34.2069
     184.6    34.8874
       185    35.5703
     185.4    36.2552
     185.8    36.9417
     186.2    37.6297
     186.6    38.3187
       187    39.0084
     187.4    39.6986
     187.8     40.389
     188.2    41.0791
     188.6    41.7688
       189    42.4577
     189.4    43.1455
     189.8    43.8319
     190.2    44.5166
     190.6    45.1992
       191    45.8796
     191.4    46.5574
     191.8    47.2323
     192.2     47.904
     192.6    48.5723
       193    49.2368
     193.4    49.8973
     193.8    50.5535
     194.2    51.2053
     194.6    51.8522
       195     52.494
     195.4    53.1306
     195.8    53.7616
     196.2    54.3869
     196.6    55.0062
       197    55.6192
     197.4    56.2259
     197.8    56.8259
     198.2    57.4191
     198.6    58.0053
       199    58.5842
     199.4    59.1558
     199.8    59.7199
