       0.2 2.29037e-69
       0.6 6.61665e-66
         1 7.17119e-63
       1.4 4.05407e-60
       1.8 1.40145e-57
       2.2 3.25765e-55
       2.6 5.4257e-53
         3 6.77691e-51
       3.4 6.57006e-49
       3.8 5.07869e-47
       4.2 3.19877e-45
       4.6 1.6711e-43
         5 7.35015e-42
       5.4 2.75673e-40
       5.8 8.91379e-39
       6.2 2.50877e-37
       6.6 6.19804e-36
         7 1.35426e-34
       7.4 2.63462e-33
       7.8 4.59132e-32
       8.2 7.20687e-31
       8.6 1.02405e-29
         9 1.32332e-28
       9.4 1.56174e-27
       9.8 1.68989e-26
      10.2 1.68264e-25
      10.6 1.54697e-24
        11 1.31736e-23
      11.4 1.04219e-22
      11.8 7.68107e-22
      12.2 5.28777e-21
      12.6 3.4086e-20
        13 2.06231e-19
      13.4 1.17375e-18
      13.8 6.29733e-18
      14.2 3.19135e-17
      14.6 1.53061e-16
        15 6.96017e-16
      15.4 3.0061e-15
      15.8 1.23522e-14
      16.2 4.83656e-14
      16.6 1.80739e-13
        17 6.45557e-13
      17.4 2.20698e-12
      17.8 7.23171e-12
      18.2 2.27422e-11
      18.6 6.87266e-11
        19 1.99825e-10
      19.4 5.59655e-10
      19.8 1.51158e-09
      20.2 3.94153e-09
      20.6  9.933e-09
        21 2.42175e-08
      21.4 5.71799e-08
      21.8 1.30872e-07
      22.2 2.90631e-07
      22.6 6.26801e-07
        23 1.31399e-06
      23.4 2.67979e-06
      23.8 5.32132e-06
      24.2 1.02968e-05
      24.6 1.94305e-05
        25 3.57855e-05
      25.4 6.43711e-05
      25.8 0.000113175
      26.2 0.000194624
      26.6 0.000327586
        27 0.000540048
      27.4 0.000872568
      27.8 0.00138263
      28.2 0.00214993
      28.6 0.00328259
        29 0.00492429
      29.4 0.00726201
      29.8  0.0105343
      30.2  0.0150392
      30.6  0.0211426
        31  0.0292841
      31.4  0.0399826
      31.8  0.0538391
      32.2  0.0715363
      32.6  0.0938359
        33   0.121571
      33.4   0.155638
      33.8   0.196978
      34.2   0.246565
      34.6   0.305383
        35   0.374408
      35.4   0.454579
      35.8   0.546784
      36.2    0.65183
      36.6   0.770432
        37    0.90319
      37.4    1.05058
      37.8    1.21293
      38.2    1.39044
      38.6    1.58317
        39    1.79103
      39.4    2.01379
      39.8    2.25112
      40.2    2.50255
      40.6    2.76754
        41    3.04545
      41.4    3.33558
      41.8    3.63719
      42.2     3.9495
      42.6    4.27171
        43    4.60302
      43.4    4.94265
      43.8    5.28983
      44.2    5.64382
      44.6    6.00391
        45    6.36945
      45.4     6.7398
      45.8    7.11441
      46.2    7.49275
      46.6    7.87434
        47    8.25875
      47.4     8.6456
      47.8    9.03455
      48.2     9.4253
      48.6    9.81757
        49    10.2112
      49.4    10.6058
      49.8    11.0014
      50.2    11.3978
      50.6    11.7948
        51    12.1924
      51.4    12.5904
      51.8    12.9888
      52.2    13.3874
      52.6    13.7864
        53    14.1855
      53.4    14.5848
      53.8    14.9843
      54.2    15.3838
      54.6    15.7834
        55    16.1832
      55.4    16.5829
      55.8    16.9827
      56.2    17.3826
      56.6    17.7825
        57    18.1824
      57.4    18.5823
      57.8    18.9823
      58.2    19.3822
      58.6    19.7822
        59    20.1822
      59.4    20.5821
      59.8    20.9821
      60.2    21.3821
      60.6    21.7821
        61    22.1821
      61.4    22.5821
      61.8    22.9821
      62.2    23.3821
      62.6    23.7821
        63    24.1821
      63.4    24.5821
      63.8    24.9821
      64.2    25.3821
      64.6    25.7821
        65    26.1821
      65.4    26.5821
      65.8    26.9821
      66.2    27.3821
      66.6    27.7821
        67    28.1821
      67.4    28.5821
      67.8    28.9821
      68.2    29.3821
      68.6    29.7821
        69    30.1821
      69.4    30.5821
      69.8    30.9821
      70.2    31.3821
      70.6    31.7821
        71    32.1821
      71.4    32.5821
      71.8    32.9821
      72.2    33.3821
      72.6    33.7821
        73    34.1821
      73.4    34.5821
      73.8    34.9821
      74.2    35.3821
      74.6    35.7821
        75    36.1821
      75.4    36.5821
      75.8    36.9821
      76.2    37.3821
      76.6    37.7821
        77    38.1821
      77.4    38.5821
      77.8    38.9821
      78.2    39.3821
      78.6    39.7821
        79    40.1821
      79.4    40.5821
      79.8    40.9821
      80.2    41.3821
      80.6    41.7821
        81    42.1821
      81.4    42.5821
      81.8    42.9821
      82.2    43.3821
      82.6    43.7821
        83    44.1821
      83.4    44.5821
      83.8    44.9821
      84.2    45.3821
      84.6    45.7821
        85    46.1821
      85.4    46.5821
      85.8    46.9821
      86.2    47.3821
      86.6    47.7821
        87    48.1821
      87.4    48.5821
      87.8    48.9821
      88.2    49.3821
      88.6    49.7821
        89    50.1821
      89.4    50.5821
      89.8    50.9821
      90.2    51.3821
      90.6    51.7821
        91    52.1821
      91.4    52.5821
      91.8    52.9821
      92.2    53.3821
      92.6    53.7821
        93    54.1821
      93.4    54.5821
      93.8    54.9821
      94.2    55.3821
      94.6    55.7821
        95    56.1821
      95.4    56.5821
      95.8    56.9821
      96.2    57.3821
      96.6    57.7821
        97    58.1821
      97.4    58.5821
      97.8    58.9821
      98.2    59.3821
      98.6    59.7821
        99    60.1821
      99.4    60.5821
      99.8    60.9821
     100.2    61.3821
     100.6    61.7821
       101    62.1821
     101.4    62.5821
     101.8    62.9821
     102.2    63.3821
     102.6    63.7821
       103    64.1821
     103.4    64.5821
     103.8    64.9821
     104.2    65.3821
     104.6    65.7821
       105    66.1821
     105.4    66.5821
     105.8    66.9821
     106.2    67.3821
     106.6    67.7821
       107    68.1821
     107.4    68.5821
     107.8    68.9821
     108.2    69.3821
     108.6    69.7821
       109    70.1821
     109.4    70.5821
     109.8    70.9821
     110.2    71.3821
     110.6    71.7822
       111    72.1822
     111.4    72.5822
     111.8    72.9822
     112.2    73.3822
     112.6    73.7823
       113    74.1823
     113.4    74.5824
     113.8    74.9824
     114.2    75.3825
     114.6    75.7825
       115    76.1826
     115.4    76.5827
     115.8    76.9828
     116.2    77.3829
     116.6     77.783
       117    78.1832
     117.4    78.5834
     117.8    78.9836
     118.2    79.3838
     118.6    79.7841
       119    80.1844
     119.4    80.5847
     119.8    80.9851
     120.2    81.3856
     120.6    81.7861
       121    82.1867
     121.4    82.5873
     121.8    82.9881
     122.2    83.3889
     122.6    83.7899
       123     84.191
     123.4    84.5922
     123.8    84.9936
     124.2    85.3951
     124.6    85.7969
       125    86.1988
     125.4     86.601
     125.8    87.0035
     126.2    87.4062
     126.6    87.8093
       127    88.2128
     127.4    88.6166
     127.8    89.0209
     128.2    89.4257
     128.6     89.831
       129    90.2369
     129.4    90.6435
     129.8    91.0508
     130.2    91.4589
     130.6    91.8679
       131    92.2778
     131.4    92.6888
     131.8    93.1009
     132.2    93.5143
     132.6     93.929
       133    94.3452
     133.4    94.7631
     133.8    95.1828
     134.2    95.6043
     134.6     96.028
       135     96.454
     135.4    96.8824
     135.8    97.3136
     136.2    97.7476
     136.6    98.1849
       137    98.6255
     137.4    99.0698
     137.8    99.5181
     138.2    99.9707
     138.6    100.428
       139     100.89
     139.4    101.358
     139.8    101.831
     140.2    102.311
     140.6    102.797
       141    103.291
     141.4    103.792
     141.8    104.301
     142.2    104.819
     142.6    105.346
       143    105.884
     143.4    106.432
     143.8    106.991
     144.2    107.563
     144.6    108.148
       145    108.746
     145.4    109.359
     145.8    109.988
     146.2    110.633
     146.6    111.295
       147    111.977
     147.4    112.677
     147.8    113.399
     148.2    114.143
     148.6     114.91
       149    115.701
     149.4    116.518
     149.8    117.363
     150.2    118.237
     150.6    119.141
       151    120.076
     151.4    121.046
     151.8     122.05
     152.2    123.092
     152.6    124.173
       153    125.294
     153.4    126.458
     153.8    127.667
     154.2    128.923
     154.6    130.227
       155    131.583
     155.4    132.992
     155.8    134.457
     156.2     135.98
     156.6    137.564
       157    139.211
     157.4    140.924
     157.8    142.706
     158.2    144.558
     158.6    146.485
       159    148.488
     159.4    150.572
     159.8    152.737
     160.2    154.989
     160.6    157.329
       161    159.761
     161.4    162.289
     161.8    164.915
     162.2    167.642
     162.6    170.474
       163    173.415
     163.4    176.468
     163.8    179.635
     164.2    182.922
     164.6    186.331
       165    189.865
     165.4    193.529
     165.8    197.327
     166.2    201.261
     166.6    205.335
       167    209.553
     167.4     213.92
     167.8    218.438
     168.2    223.111
     168.6    227.943
       169    232.938
     169.4      238.1
     169.8    243.432
     170.2    248.937
     170.6    254.621
       171    260.486
     171.4    266.535
     171.8    272.774
     172.2    279.204
     172.6    285.831
       173    292.657
     173.4    299.686
     173.8    306.921
     174.2    314.367
     174.6    322.025
       175      329.9
     175.4    337.994
     175.8    346.312
     176.2    354.855
     176.6    363.628
       177    372.633
     177.4    381.872
     177.8     391.35
     178.2    401.068
     178.6     411.03
       179    421.237
     179.4    431.692
     179.8    442.398
     180.2    453.357
     180.6    464.571
       181    476.043
     181.4    487.773
     181.8    499.765
     182.2    512.019
     182.6    524.538
       183    537.322
     183.4    550.374
     183.8    563.695
     184.2    577.286
     184.6    591.148
       185    605.281
     185.4    619.688
     185.8    634.368
     186.2    649.321
     186.6     664.55
       187    680.053
     187.4    695.831
     187.8    711.885
     188.2    728.213
     188.6    744.817
       189    761.695
     189.4    778.847
     189.8    796.273
     190.2    813.973
     190.6    831.944
       191    850.187
     191.4    868.701
     191.8    887.484
     192.2    906.535
     192.6    925.854
       193    945.437
     193.4    965.284
     193.8    985.394
     194.2    1005.76
     194.6    1026.39
       195    1047.28
     195.4    1068.42
     195.8    1089.81
     196.2    1111.45
     196.6    1133.34
       197    1155.47
     197.4    1177.85
     197.8    1200.47
     198.2    1223.33
     198.6    1246.42
       199    1269.74
     199.4    1293.29
     199.8    1317.07
